0 0.701895 0.539443 0.293003 0.689095
0 0.883382 0.629930 0.227405 0.740139
0 0.948980 0.487239 0.102041 0.510441
0 0.576531 0.515081 0.255102 0.566125
0 0.464286 0.435035 0.106414 0.503480
0 0.397959 0.453596 0.128280 0.522042
0 0.334548 0.401392 0.144315 0.501160
0 0.249271 0.415313 0.163265 0.361949
0 0.282799 0.156613 0.201166 0.225058
0 0.181487 0.385151 0.138484 0.329466
0 0.114431 0.352668 0.115160 0.343387
0 0.123907 0.149652 0.110787 0.127610
0 0.074344 0.178654 0.043732 0.064965
0 0.067784 0.310905 0.086006 0.194896
