0 0.207273 0.288043 0.109091 0.086957
0 0.098182 0.152174 0.101818 0.108696
0 0.169091 0.201087 0.076364 0.086957
0 0.281818 0.138587 0.083636 0.168478
0 0.376364 0.236413 0.098182 0.092391
0 0.478182 0.293478 0.098182 0.086957
0 0.492727 0.222826 0.090909 0.076087
0 0.572727 0.160326 0.090909 0.114130
0 0.643636 0.567935 0.116364 0.103261
0 0.710909 0.475543 0.105455 0.092391
0 0.760000 0.565217 0.065455 0.108696
0 0.856364 0.505435 0.120000 0.097826
0 0.874545 0.793478 0.120000 0.119565
0 0.945455 0.937500 0.101818 0.125000
0 0.818182 0.230978 0.072727 0.114130
0 0.905455 0.288043 0.109091 0.108696
0 0.894545 0.358696 0.101818 0.152174
0 0.974545 0.187500 0.050909 0.092391
