0 0.132292 0.255319 0.085417 0.085106
0 0.226042 0.234043 0.056250 0.091185
0 0.178125 0.504559 0.060417 0.103343
0 0.323958 0.455927 0.027083 0.036474
0 0.333333 0.378419 0.050000 0.088146
0 0.304167 0.404255 0.041667 0.072948
0 0.427083 0.410334 0.058333 0.042553
0 0.552083 0.375380 0.091667 0.094225
0 0.558333 0.498480 0.041667 0.030395
0 0.962500 0.355623 0.075000 0.097264
0 0.880208 0.393617 0.056250 0.051672
0 0.900000 0.618541 0.175000 0.173252
0 0.262500 0.934650 0.091667 0.130699
0 0.507292 0.615502 0.089583 0.130699
0 0.901042 0.851064 0.122917 0.194529
0 0.088542 0.945289 0.056250 0.072948
0 0.411458 0.934650 0.035417 0.075988
0 0.714583 0.740122 0.020833 0.045593
0 0.735417 0.770517 0.037500 0.045593
0 0.329167 0.680851 0.087500 0.109422
0 0.698958 0.633739 0.081250 0.112462
0 0.700000 0.541033 0.075000 0.091185
0 0.764583 0.474164 0.091667 0.097264
0 0.059375 0.843465 0.114583 0.118541
0 0.018750 0.758359 0.033333 0.045593
0 0.115625 0.633739 0.027083 0.027356
0 0.513542 0.939210 0.043750 0.079027
0 0.408333 0.734043 0.058333 0.112462
0 0.141667 0.904255 0.050000 0.069909
0 0.818750 0.904255 0.029167 0.082067
0 0.843750 0.439210 0.108333 0.075988
0 0.766667 0.591185 0.045833 0.069909
0 0.588542 0.620061 0.052083 0.085106
0 0.334375 0.922492 0.043750 0.094225
0 0.368750 0.893617 0.054167 0.079027
0 0.692708 0.975684 0.085417 0.048632
0 0.879167 0.972644 0.041667 0.054711
0 0.918750 0.949848 0.100000 0.100304
0 0.843750 0.960486 0.037500 0.079027
0 0.978125 0.794833 0.027083 0.045593
0 0.811458 0.799392 0.027083 0.042553
0 0.144792 0.735562 0.022917 0.036474
0 0.103125 0.758359 0.031250 0.045593
0 0.547917 0.838906 0.025000 0.072948
0 0.786458 0.768997 0.014583 0.030395
0 0.027083 0.693009 0.012500 0.030395
0 0.094792 0.686930 0.022917 0.024316
0 0.067708 0.706687 0.018750 0.039514
0 0.188542 0.671733 0.047917 0.072948
0 0.256250 0.747720 0.104167 0.097264
0 0.766667 0.851064 0.037500 0.054711
