0 0.289256 0.820144 0.137741 0.230216
0 0.670799 0.564748 0.074380 0.395683
0 0.482094 0.550360 0.176309 0.410072
0 0.344353 0.420863 0.099174 0.410072
0 0.550964 0.456835 0.093664 0.438849
0 0.276860 0.388489 0.052342 0.330935
0 0.687328 0.464029 0.146006 0.352518
0 0.794766 0.420863 0.168044 0.395683
0 0.472452 0.374101 0.085399 0.230216
0 0.643251 0.197842 0.057851 0.165468
0 0.473829 0.140288 0.044077 0.165468
0 0.612948 0.093525 0.057851 0.172662
0 0.571625 0.172662 0.057851 0.172662
0 0.549587 0.244604 0.046832 0.187050
