0 0.280000 0.713333 0.195556 0.137778
0 0.511111 0.682222 0.248889 0.155556
0 0.184444 0.626667 0.253333 0.097778
0 0.444444 0.597778 0.231111 0.111111
0 0.617778 0.551111 0.168889 0.133333
0 0.782222 0.635556 0.195556 0.151111
0 0.328889 0.391111 0.222222 0.097778
0 0.211111 0.255556 0.137778 0.084444
0 0.273333 0.315556 0.217778 0.062222
0 0.568889 0.140000 0.160000 0.066667
0 0.462222 0.211111 0.124444 0.066667
0 0.751111 0.324444 0.213333 0.062222
0 0.724444 0.406667 0.142222 0.084444
0 0.713333 0.453333 0.164444 0.080000
0 0.582222 0.353333 0.151111 0.075556
0 0.635556 0.233333 0.133333 0.057778
0 0.380000 0.420000 0.146667 0.084444
0 0.131111 0.544444 0.235556 0.111111
0 0.173333 0.502222 0.151111 0.080000
0 0.484444 0.520000 0.160000 0.115556
0 0.737778 0.282222 0.151111 0.057778
0 0.882222 0.291111 0.120000 0.093333
0 0.931111 0.233333 0.137778 0.057778
0 0.971111 0.340000 0.057778 0.137778
0 0.802222 0.564444 0.111111 0.106667
