0 0.133987 0.817073 0.137255 0.256098
0 0.155229 0.152439 0.088235 0.097561
0 0.192810 0.250000 0.098039 0.060976
0 0.192810 0.307927 0.039216 0.103659
0 0.271242 0.259146 0.045752 0.079268
0 0.316993 0.243902 0.078431 0.097561
0 0.364379 0.195122 0.062092 0.121951
0 0.302288 0.356707 0.107843 0.091463
0 0.470588 0.149390 0.065359 0.054878
0 0.666667 0.128049 0.045752 0.121951
0 0.774510 0.192073 0.084967 0.067073
0 0.867647 0.478659 0.042484 0.152439
0 0.785948 0.487805 0.049020 0.097561
0 0.655229 0.429878 0.120915 0.115854
0 0.651961 0.341463 0.088235 0.085366
0 0.455882 0.219512 0.035948 0.097561
0 0.266340 0.472561 0.114379 0.067073
0 0.307190 0.439024 0.117647 0.073171
0 0.294118 0.557927 0.071895 0.115854
0 0.388889 0.701220 0.143791 0.158537
0 0.410131 0.560976 0.120915 0.121951
0 0.459150 0.554878 0.042484 0.134146
0 0.509804 0.588415 0.084967 0.152439
0 0.503268 0.713415 0.052288 0.146341
0 0.436275 0.838415 0.133987 0.250000
0 0.566993 0.475610 0.062092 0.158537
0 0.434641 0.451220 0.065359 0.097561
0 0.473856 0.396341 0.098039 0.097561
0 0.472222 0.320122 0.094771 0.079268
0 0.549020 0.390244 0.058824 0.109756
0 0.531046 0.314024 0.081699 0.067073
0 0.485294 0.268293 0.094771 0.060976
