0 0.149167 0.927778 0.113333 0.122222
0 0.169583 0.838889 0.134167 0.106349
0 0.149167 0.792857 0.068333 0.071429
0 0.308750 0.719841 0.057500 0.061905
0 0.774167 0.940476 0.115000 0.106349
0 0.845000 0.940476 0.083333 0.119048
0 0.829583 0.841270 0.152500 0.117460
0 0.633750 0.946825 0.045833 0.106349
0 0.697917 0.953175 0.052500 0.093651
0 0.740833 0.835714 0.088333 0.100000
0 0.699583 0.869841 0.125833 0.092063
0 0.565833 0.916667 0.115000 0.115873
0 0.524583 0.943651 0.137500 0.112698
0 0.247500 0.938889 0.123333 0.122222
0 0.341250 0.951587 0.089167 0.096825
0 0.392917 0.908730 0.100833 0.131746
0 0.734583 0.778571 0.109167 0.068254
0 0.775417 0.715079 0.047500 0.080952
0 0.603333 0.831746 0.078333 0.066667
0 0.530833 0.831746 0.070000 0.126984
0 0.503750 0.872222 0.042500 0.115873
0 0.465833 0.853175 0.053333 0.080952
0 0.355000 0.826190 0.120000 0.087302
0 0.260000 0.857937 0.063333 0.147619
0 0.477917 0.736508 0.067500 0.066667
0 0.376667 0.757143 0.060000 0.053968
0 0.317500 0.773016 0.056667 0.063492
