0 0.593537 0.209302 0.159864 0.116279
0 0.744898 0.171512 0.095238 0.133721
0 0.906463 0.220930 0.173469 0.174419
0 0.071429 0.287791 0.047619 0.133721
0 0.125850 0.238372 0.040816 0.127907
0 0.175170 0.316860 0.051020 0.122093
0 0.277211 0.247093 0.044218 0.133721
0 0.239796 0.238372 0.044218 0.093023
0 0.146259 0.093023 0.142857 0.151163
0 0.176871 0.229651 0.040816 0.063953
0 0.380952 0.302326 0.047619 0.127907
0 0.425170 0.415698 0.047619 0.145349
0 0.428571 0.343023 0.047619 0.093023
0 0.467687 0.354651 0.030612 0.116279
0 0.557823 0.398256 0.040816 0.122093
0 0.500000 0.363372 0.040816 0.098837
0 0.528912 0.421512 0.037415 0.098837
0 0.625850 0.433140 0.047619 0.122093
0 0.683673 0.482558 0.040816 0.104651
0 0.767007 0.485465 0.044218 0.110465
0 0.908163 0.590116 0.081633 0.122093
0 0.319728 0.366279 0.047619 0.139535
0 0.040816 0.386628 0.040816 0.110465
0 0.488095 0.581395 0.037415 0.104651
0 0.465986 0.488372 0.047619 0.104651
0 0.515306 0.470930 0.051020 0.127907
0 0.569728 0.732558 0.051020 0.116279
0 0.670068 0.697674 0.034014 0.116279
0 0.651361 0.747093 0.044218 0.110465
0 0.365646 0.450581 0.057823 0.133721
0 0.231293 0.377907 0.068027 0.139535
0 0.210884 0.441860 0.074830 0.151163
0 0.784014 0.575581 0.125850 0.197674
0 0.576531 0.494186 0.051020 0.116279
0 0.227891 0.465116 0.054422 0.116279
0 0.292517 0.427326 0.054422 0.110465
0 0.161565 0.465116 0.064626 0.104651
0 0.086735 0.561047 0.044218 0.122093
0 0.035714 0.598837 0.064626 0.116279
0 0.253401 0.561047 0.037415 0.122093
0 0.363946 0.514535 0.034014 0.122093
0 0.074830 0.430233 0.061224 0.116279
0 0.328231 0.604651 0.091837 0.104651
0 0.134354 0.537791 0.037415 0.098837
0 0.153061 0.619186 0.054422 0.122093
0 0.198980 0.569767 0.037415 0.116279
0 0.039116 0.502907 0.071429 0.098837
0 0.401361 0.642442 0.047619 0.087209
0 0.426871 0.590116 0.051020 0.098837
0 0.433673 0.534884 0.051020 0.104651
0 0.593537 0.619186 0.057823 0.122093
0 0.636054 0.569767 0.081633 0.127907
0 0.639456 0.502907 0.040816 0.098837
0 0.707483 0.593023 0.054422 0.116279
0 0.814626 0.683140 0.091837 0.122093
0 0.870748 0.665698 0.047619 0.122093
0 0.909864 0.715116 0.044218 0.104651
0 0.959184 0.694767 0.054422 0.145349
0 0.522109 0.656977 0.044218 0.093023
0 0.481293 0.683140 0.091837 0.122093
0 0.431973 0.735465 0.081633 0.110465
0 0.231293 0.671512 0.054422 0.110465
0 0.314626 0.674419 0.071429 0.116279
0 0.066327 0.723837 0.085034 0.156977
0 0.107143 0.761628 0.071429 0.116279
0 0.130952 0.819767 0.057823 0.093023
0 0.034014 0.828488 0.061224 0.098837
0 0.062925 0.880814 0.098639 0.098837
0 0.083333 0.930233 0.051020 0.104651
0 0.146259 0.877907 0.074830 0.104651
0 0.170068 0.933140 0.081633 0.098837
0 0.221088 0.761628 0.074830 0.081395
0 0.321429 0.837209 0.057823 0.093023
0 0.389456 0.781977 0.071429 0.110465
0 0.340136 0.755814 0.040816 0.093023
0 0.408163 0.872093 0.061224 0.081395
0 0.270408 0.944767 0.091837 0.110465
0 0.375850 0.965116 0.064626 0.069767
0 0.437075 0.924419 0.057823 0.116279
0 0.523810 0.843023 0.068027 0.139535
0 0.600340 0.787791 0.051020 0.122093
0 0.583333 0.921512 0.085034 0.122093
0 0.624150 0.843023 0.051020 0.116279
0 0.683673 0.898256 0.074830 0.098837
0 0.753401 0.779070 0.057823 0.116279
0 0.755102 0.869186 0.081633 0.110465
0 0.767007 0.956395 0.051020 0.087209
0 0.880952 0.959302 0.074830 0.081395
0 0.852041 0.869186 0.071429 0.087209
0 0.933673 0.802326 0.071429 0.104651
0 0.955782 0.877907 0.088435 0.104651
0 0.938776 0.944767 0.047619 0.110465
