0 0.061776 0.634021 0.115830 0.144330
0 0.206564 0.788660 0.196911 0.144330
0 0.301158 0.701031 0.154440 0.185567
0 0.247104 0.613402 0.123552 0.123711
0 0.247104 0.572165 0.077220 0.092784
0 0.110039 0.582474 0.142857 0.103093
0 0.121622 0.463918 0.081081 0.061856
0 0.463320 0.734536 0.108108 0.221649
0 0.364865 0.626289 0.050193 0.097938
0 0.362934 0.698454 0.154440 0.149485
0 0.359073 0.564433 0.138996 0.118557
0 0.594595 0.783505 0.115830 0.226804
0 0.772201 0.768041 0.131274 0.247423
0 0.924710 0.597938 0.057915 0.123711
0 0.723938 0.497423 0.088803 0.077320
0 0.623552 0.492268 0.096525 0.056701
0 0.339768 0.469072 0.069498 0.061856
0 0.550193 0.456186 0.065637 0.046392
0 0.660232 0.474227 0.084942 0.072165
0 0.801158 0.445876 0.073359 0.067010
0 0.928571 0.520619 0.135135 0.082474
0 0.770270 0.551546 0.096525 0.082474
