0 0.166797 0.813194 0.075781 0.104167
0 0.225781 0.893056 0.032813 0.161111
0 0.258984 0.758333 0.046094 0.088889
0 0.316797 0.838194 0.069531 0.126389
0 0.308984 0.949306 0.057031 0.101389
0 0.432812 0.952778 0.070312 0.094444
0 0.348828 0.772222 0.039844 0.133333
0 0.280078 0.687500 0.063281 0.083333
0 0.414062 0.783333 0.076563 0.058333
0 0.479297 0.843750 0.050781 0.143056
0 0.123828 0.353472 0.055469 0.070833
0 0.162891 0.355556 0.035156 0.055556
0 0.205859 0.352083 0.032031 0.054167
0 0.246094 0.272917 0.025000 0.051389
0 0.303125 0.270833 0.040625 0.047222
0 0.269922 0.325000 0.028906 0.072222
0 0.335547 0.318750 0.030469 0.062500
0 0.448828 0.113194 0.036719 0.040278
0 0.417187 0.204167 0.042188 0.050000
0 0.414062 0.275000 0.043750 0.044444
0 0.483203 0.308333 0.044531 0.105556
0 0.502344 0.256944 0.064062 0.072222
0 0.556250 0.263194 0.025000 0.040278
0 0.272656 0.651389 0.037500 0.061111
0 0.217188 0.620139 0.040625 0.043056
0 0.334375 0.693750 0.051562 0.059722
0 0.597656 0.889583 0.068750 0.084722
0 0.813281 0.782639 0.065625 0.101389
0 0.963281 0.620833 0.023438 0.075000
0 0.866406 0.631944 0.032813 0.080556
0 0.846484 0.554861 0.022656 0.062500
0 0.811328 0.553472 0.044531 0.070833
0 0.870313 0.383333 0.014063 0.055556
0 0.965234 0.210417 0.013281 0.023611
0 0.840234 0.340972 0.024219 0.040278
0 0.816797 0.367361 0.024219 0.054167
0 0.785547 0.499306 0.035156 0.056944
0 0.753516 0.474306 0.030469 0.062500
0 0.718750 0.484028 0.037500 0.045833
0 0.718359 0.256250 0.011719 0.026389
0 0.692578 0.259028 0.010156 0.031944
0 0.701562 0.250694 0.012500 0.026389
0 0.552344 0.518750 0.064062 0.065278
0 0.642578 0.286806 0.024219 0.037500
0 0.677344 0.311806 0.025000 0.037500
0 0.702344 0.327778 0.017188 0.033333
0 0.678906 0.411111 0.042188 0.052778
0 0.707812 0.370139 0.042188 0.048611
0 0.705469 0.394444 0.035937 0.041667
0 0.728516 0.427778 0.036719 0.050000
0 0.623828 0.422222 0.033594 0.050000
0 0.646094 0.441667 0.017188 0.055556
0 0.620703 0.481944 0.027344 0.077778
0 0.647266 0.501389 0.042969 0.061111
0 0.685937 0.516667 0.031250 0.055556
0 0.721094 0.533333 0.034375 0.075000
0 0.705469 0.550694 0.021875 0.079167
0 0.682422 0.572917 0.024219 0.065278
0 0.700391 0.593750 0.025781 0.056944
0 0.721094 0.630556 0.056250 0.061111
0 0.716016 0.673611 0.028906 0.066667
0 0.705469 0.745139 0.054688 0.076389
0 0.677734 0.665972 0.049219 0.090278
0 0.620313 0.688889 0.051562 0.086111
0 0.537109 0.770833 0.066406 0.119444
0 0.591406 0.740972 0.056250 0.104167
0 0.581250 0.686111 0.067187 0.080556
0 0.530469 0.709722 0.068750 0.075000
0 0.405859 0.718056 0.032031 0.075000
0 0.434375 0.715972 0.043750 0.048611
0 0.401953 0.657639 0.028906 0.076389
0 0.431250 0.653472 0.025000 0.087500
0 0.466406 0.705556 0.035937 0.080556
0 0.473438 0.645833 0.032813 0.058333
0 0.628125 0.543056 0.032813 0.091667
0 0.325781 0.475000 0.067187 0.091667
0 0.424219 0.429861 0.078125 0.140278
0 0.399609 0.453472 0.024219 0.090278
0 0.362500 0.471528 0.043750 0.056944
0 0.526953 0.663889 0.028906 0.044444
