0 0.091158 0.690923 0.180751 0.336463
0 0.280908 0.694053 0.186228 0.306729
0 0.091158 0.410798 0.180751 0.258216
0 0.261737 0.385759 0.174491 0.300469
0 0.530908 0.388498 0.190141 0.294992
0 0.081377 0.102895 0.161189 0.204225
0 0.313380 0.924491 0.241784 0.151017
0 0.318075 0.118153 0.287167 0.234742
0 0.527387 0.120892 0.194053 0.213615
0 0.741784 0.141236 0.159624 0.251174
0 0.922144 0.173709 0.129108 0.186228
0 0.755869 0.401017 0.170579 0.216745
0 0.536776 0.692879 0.198748 0.216745
0 0.928404 0.392410 0.132238 0.257433
0 0.745305 0.644366 0.140063 0.249609
0 0.934664 0.643975 0.130673 0.255086
0 0.740219 0.882629 0.123631 0.234742
