0 0.420000 0.887978 0.178182 0.224044
0 0.672727 0.781421 0.109091 0.240437
0 0.969091 0.622951 0.061818 0.229508
0 0.863636 0.956284 0.185455 0.087432
0 0.689091 0.579235 0.250909 0.262295
0 0.423636 0.592896 0.214545 0.289617
0 0.269091 0.647541 0.123636 0.322404
0 0.105455 0.393443 0.152727 0.218579
0 0.780000 0.336066 0.120000 0.224044
0 0.832727 0.404372 0.109091 0.240437
0 0.589091 0.346995 0.101818 0.213115
0 0.905455 0.341530 0.065455 0.202186
0 0.314545 0.174863 0.069091 0.163934
0 0.438182 0.464481 0.178182 0.262295
0 0.309091 0.401639 0.094545 0.245902
0 0.198182 0.554645 0.170909 0.289617
