0 0.036364 0.737705 0.065455 0.229508
0 0.052727 0.300546 0.098182 0.229508
0 0.190909 0.434426 0.090909 0.114754
0 0.109091 0.114754 0.123636 0.218579
0 0.161818 0.106557 0.069091 0.114754
0 0.198182 0.054645 0.076364 0.098361
0 0.238182 0.114754 0.054545 0.131148
0 0.298182 0.144809 0.043636 0.114754
0 0.240000 0.240437 0.058182 0.109290
0 0.129091 0.702186 0.127273 0.213115
0 0.150909 0.953552 0.069091 0.081967
0 0.183636 0.210383 0.054545 0.081967
0 0.296364 0.292350 0.076364 0.158470
0 0.200000 0.672131 0.087273 0.142077
0 0.245455 0.663934 0.061818 0.092896
0 0.221818 0.931694 0.087273 0.114754
0 0.249091 0.849727 0.069091 0.125683
0 0.289091 0.683060 0.047273 0.076503
0 0.316364 0.866120 0.050909 0.103825
0 0.392727 0.871585 0.043636 0.092896
0 0.387273 0.672131 0.040000 0.109290
0 0.430909 0.688525 0.047273 0.087432
0 0.432727 0.863388 0.036364 0.109290
0 0.449091 0.945355 0.054545 0.109290
0 0.494545 0.948087 0.043636 0.103825
0 0.410909 0.480874 0.043636 0.109290
0 0.394545 0.295082 0.040000 0.109290
0 0.430909 0.144809 0.040000 0.114754
0 0.485455 0.295082 0.047273 0.109290
0 0.527273 0.303279 0.043636 0.081967
0 0.534545 0.469945 0.072727 0.120219
0 0.534545 0.653005 0.058182 0.125683
0 0.512727 0.863388 0.050909 0.109290
0 0.609091 0.866120 0.054545 0.114754
0 0.596364 0.658470 0.043636 0.136612
0 0.607273 0.500000 0.036364 0.060109
0 0.620000 0.292350 0.054545 0.114754
0 0.554545 0.144809 0.076364 0.103825
0 0.605455 0.131148 0.047273 0.131148
0 0.650909 0.153005 0.043636 0.098361
0 0.672727 0.128415 0.043636 0.136612
0 0.720000 0.136612 0.043636 0.120219
0 0.705455 0.868852 0.050909 0.098361
0 0.709091 0.655738 0.043636 0.120219
0 0.750909 0.475410 0.105455 0.120219
0 0.710909 0.300546 0.047273 0.098361
0 0.781818 0.109290 0.058182 0.120219
0 0.840000 0.062842 0.072727 0.114754
0 0.785455 0.262295 0.065455 0.131148
0 0.827273 0.237705 0.105455 0.114754
0 0.925455 0.163934 0.112727 0.185792
0 0.832727 0.464481 0.094545 0.153005
0 0.909091 0.445355 0.167273 0.169399
0 0.781818 0.683060 0.050909 0.153005
0 0.820000 0.729508 0.069091 0.125683
0 0.872727 0.765027 0.094545 0.142077
0 0.940000 0.775956 0.105455 0.196721
0 0.761818 0.882514 0.040000 0.147541
0 0.792727 0.918033 0.036364 0.131148
