0 0.233871 0.777070 0.109677 0.114650
0 0.538710 0.902335 0.077419 0.110403
0 0.284677 0.601911 0.062903 0.078556
0 0.475806 0.651805 0.067742 0.093418
0 0.537903 0.389597 0.085484 0.108280
0 0.447581 0.430998 0.088710 0.093418
0 0.442742 0.377919 0.101613 0.101911
0 0.114516 0.334395 0.093548 0.091295
0 0.129839 0.210191 0.108065 0.131635
0 0.233065 0.150743 0.114516 0.114650
0 0.483065 0.079618 0.114516 0.116773
0 0.744355 0.343949 0.082258 0.097665
0 0.695968 0.207006 0.085484 0.087049
0 0.895161 0.404459 0.080645 0.082803
0 0.879839 0.197452 0.101613 0.114650
