0 0.427767 0.168712 0.135084 0.269939
0 0.521576 0.210123 0.093809 0.095092
0 0.867730 0.236196 0.234522 0.404908
0 0.857411 0.688650 0.086304 0.223926
0 0.671670 0.556748 0.086304 0.187117
0 0.540338 0.334356 0.078799 0.079755
0 0.570356 0.478528 0.060038 0.098160
0 0.486867 0.441718 0.058161 0.092025
0 0.192308 0.294479 0.129456 0.153374
0 0.315197 0.190184 0.071295 0.141104
0 0.270169 0.435583 0.048780 0.116564
0 0.359287 0.564417 0.163227 0.269939
0 0.326454 0.644172 0.082552 0.190184
0 0.130394 0.769939 0.106942 0.147239
0 0.086304 0.682515 0.123827 0.095092
0 0.275797 0.771472 0.090056 0.174847
0 0.286116 0.855828 0.118199 0.153374
0 0.122889 0.915644 0.058161 0.144172
0 0.418386 0.871166 0.071295 0.104294
0 0.198874 0.820552 0.056285 0.076687
0 0.252345 0.957055 0.035647 0.061350
0 0.268293 0.935583 0.018762 0.061350
0 0.433396 0.944785 0.105066 0.104294
