0 0.358182 0.680328 0.076364 0.103825
0 0.285455 0.792350 0.134545 0.098361
0 0.549091 0.784153 0.101818 0.136612
0 0.667273 0.795082 0.069091 0.158470
0 0.576364 0.521858 0.076364 0.071038
0 0.530909 0.292350 0.065455 0.103825
0 0.780000 0.633880 0.083636 0.109290
0 0.767273 0.781421 0.080000 0.087432
0 0.847273 0.792350 0.080000 0.065574
0 0.789091 0.510929 0.058182 0.125683
0 0.089091 0.655738 0.090909 0.087432
0 0.449091 0.360656 0.069091 0.087432
0 0.716364 0.352459 0.043636 0.081967
0 0.978182 0.467213 0.043636 0.136612
0 0.538182 0.653005 0.080000 0.180328
0 0.732727 0.237705 0.170909 0.180328
0 0.467273 0.508197 0.069091 0.131148
0 0.287273 0.581967 0.080000 0.092896
0 0.910909 0.295082 0.069091 0.109290
0 0.140000 0.489071 0.134545 0.060109
0 0.814545 0.240437 0.065455 0.065574
0 0.790909 0.300546 0.054545 0.043716
0 0.456364 0.226776 0.040000 0.136612
0 0.578182 0.199454 0.036364 0.081967
0 0.310909 0.412568 0.090909 0.103825
0 0.229091 0.540984 0.094545 0.109290
0 0.141818 0.144809 0.080000 0.103825
0 0.754545 0.161202 0.032727 0.103825
0 0.158182 0.387978 0.120000 0.076503
0 0.321818 0.286885 0.076364 0.071038
0 0.561818 0.054645 0.025455 0.098361
0 0.292727 0.210383 0.076364 0.071038
0 0.220000 0.281421 0.105455 0.071038
0 0.103636 0.286885 0.076364 0.071038
0 0.421818 0.210383 0.065455 0.060109
0 0.490909 0.060109 0.029091 0.087432
0 0.325455 0.062842 0.047273 0.092896
0 0.209091 0.210383 0.098182 0.092896
0 0.227273 0.297814 0.098182 0.049180
