0 0.378846 0.667526 0.034615 0.056701
0 0.540385 0.659794 0.042308 0.061856
0 0.688462 0.654639 0.038462 0.061856
0 0.692308 0.564433 0.038462 0.046392
0 0.663462 0.559278 0.057692 0.056701
0 0.628846 0.453608 0.034615 0.072165
0 0.525000 0.474227 0.050000 0.041237
0 0.423077 0.466495 0.046154 0.077320
0 0.657692 0.368557 0.038462 0.067010
0 0.596154 0.368557 0.046154 0.056701
0 0.528846 0.378866 0.042308 0.046392
0 0.450000 0.376289 0.069231 0.051546
0 0.355769 0.386598 0.065385 0.051546
0 0.671154 0.170103 0.034615 0.061856
0 0.603846 0.149485 0.076923 0.072165
0 0.428846 0.154639 0.057692 0.072165
0 0.448077 0.090206 0.019231 0.036082
0 0.475000 0.103093 0.034615 0.061856
0 0.500000 0.097938 0.030769 0.072165
0 0.538462 0.110825 0.053846 0.067010
0 0.501923 0.059278 0.050000 0.046392
