0 0.122457 0.921362 0.113459 0.066510
0 0.064554 0.974961 0.127543 0.048513
0 0.026213 0.957746 0.050861 0.035994
0 0.271127 0.881847 0.094679 0.115806
0 0.117371 0.831768 0.100156 0.117371
0 0.054773 0.784038 0.053208 0.076682
0 0.041862 0.738263 0.082160 0.068075
0 0.138106 0.761346 0.053991 0.078247
0 0.151800 0.715962 0.081377 0.039124
0 0.246088 0.682316 0.035211 0.100156
0 0.260172 0.752739 0.104069 0.064163
0 0.216354 0.792645 0.046166 0.062598
0 0.278951 0.794210 0.118153 0.078247
0 0.319640 0.833725 0.113459 0.079030
0 0.382629 0.735133 0.090767 0.080595
0 0.424491 0.773083 0.083725 0.082942
0 0.483568 0.706573 0.092332 0.054773
0 0.511346 0.884585 0.136933 0.061815
0 0.564163 0.946009 0.139280 0.107981
0 0.654538 0.861502 0.094679 0.156495
0 0.611502 0.749218 0.063380 0.074335
0 0.664319 0.780125 0.106416 0.064163
0 0.745696 0.702660 0.095462 0.089202
0 0.850939 0.645931 0.044601 0.074335
0 0.818075 0.773474 0.099374 0.097809
0 0.821987 0.853286 0.107199 0.077465
0 0.930751 0.862285 0.138498 0.103286
0 0.943662 0.792645 0.109546 0.082942
0 0.932316 0.745696 0.046166 0.086072
0 0.989437 0.735133 0.021127 0.068075
0 0.041862 0.241393 0.066510 0.074335
0 0.678795 0.250782 0.036776 0.043036
0 0.075509 0.233177 0.027387 0.046948
0 0.113850 0.244131 0.049296 0.068858
0 0.141236 0.241784 0.064945 0.053208
0 0.186228 0.240610 0.037559 0.050861
0 0.213615 0.237089 0.048513 0.070423
0 0.243740 0.249609 0.043036 0.040689
0 0.322770 0.246870 0.104069 0.188576
0 0.340767 0.242958 0.033646 0.053991
0 0.370501 0.242958 0.035211 0.066510
0 0.384585 0.242175 0.032081 0.057121
0 0.427621 0.246870 0.038341 0.050861
0 0.456182 0.246870 0.017214 0.050861
0 0.479264 0.245305 0.028951 0.050861
0 0.501956 0.246088 0.030516 0.052426
0 0.525822 0.251565 0.039124 0.036776
0 0.565728 0.250000 0.053208 0.041471
0 0.607199 0.241002 0.023474 0.051643
0 0.621283 0.242958 0.020344 0.043036
