0 0.158602 0.570268 0.066667 0.116978
0 0.194624 0.852965 0.089247 0.084484
0 0.048925 0.410236 0.062366 0.089358
0 0.084946 0.277823 0.069892 0.094232
0 0.016667 0.259951 0.021505 0.032494
0 0.182258 0.299756 0.040860 0.043867
0 0.195699 0.168156 0.078495 0.095857
0 0.167742 0.108042 0.056989 0.063363
0 0.082796 0.094232 0.080645 0.045491
0 0.055914 0.047522 0.091398 0.093420
0 0.306452 0.980910 0.052688 0.038180
0 0.335484 0.880585 0.136559 0.084484
0 0.272581 0.285946 0.053763 0.029245
0 0.322043 0.285946 0.019355 0.035743
0 0.367204 0.371243 0.075269 0.069862
0 0.338172 0.290820 0.015054 0.019496
0 0.356452 0.289196 0.019355 0.025995
0 0.382796 0.286759 0.018280 0.037368
0 0.406989 0.283509 0.019355 0.040617
0 0.401075 0.245329 0.065591 0.045491
0 0.448925 0.709992 0.088172 0.097482
0 0.436559 0.564582 0.091398 0.125102
0 0.418817 0.515028 0.079570 0.081235
0 0.527957 0.594639 0.104301 0.123477
0 0.542473 0.530463 0.105376 0.063363
0 0.432796 0.402112 0.021505 0.037368
0 0.465054 0.416734 0.012903 0.037368
0 0.514516 0.444354 0.017204 0.034119
0 0.458602 0.151909 0.129032 0.112104
0 0.459140 0.296507 0.013978 0.047116
0 0.490323 0.281072 0.044086 0.042242
0 0.511828 0.289196 0.013978 0.032494
0 0.532258 0.236393 0.087097 0.066613
0 0.548387 0.289196 0.020430 0.045491
0 0.577419 0.796913 0.087097 0.108855
0 0.614516 0.664500 0.051613 0.090983
0 0.553226 0.458164 0.019355 0.035743
0 0.655376 0.062551 0.092473 0.095857
0 0.599462 0.897644 0.055914 0.086109
0 0.691398 0.811535 0.106452 0.095857
0 0.620430 0.229894 0.110753 0.112104
0 0.681720 0.173030 0.065591 0.086109
0 0.696774 0.352559 0.104301 0.113729
0 0.654839 0.415922 0.076344 0.133225
0 0.611828 0.494720 0.076344 0.082859
0 0.656452 0.523964 0.068817 0.056864
0 0.643011 0.275386 0.013978 0.030869
0 0.660753 0.273761 0.012903 0.040617
0 0.692473 0.271324 0.026882 0.038993
0 0.726882 0.229082 0.020430 0.035743
0 0.752688 0.264013 0.016129 0.037368
0 0.769892 0.255890 0.018280 0.037368
0 0.693548 0.463038 0.115054 0.061738
0 0.774731 0.414297 0.045161 0.126726
0 0.754301 0.675873 0.070968 0.107230
0 0.746774 0.573517 0.068817 0.084484
0 0.680108 0.573517 0.051613 0.087734
0 0.695699 0.608448 0.044086 0.053615
0 0.685484 0.655565 0.058065 0.060114
0 0.886559 0.241267 0.051613 0.115353
0 0.895699 0.114541 0.110753 0.073111
0 0.966935 0.376117 0.066129 0.118603
0 0.909677 0.539399 0.104301 0.100731
0 0.900538 0.575955 0.116129 0.095857
0 0.941398 0.670999 0.058065 0.103981
0 0.857527 0.845654 0.116129 0.079610
0 0.959677 0.836718 0.079570 0.116978
