0 0.068750 0.600462 0.010000 0.023095
0 0.105625 0.592379 0.011250 0.025404
0 0.151875 0.590069 0.013750 0.020785
0 0.202500 0.566975 0.017500 0.030023
0 0.210000 0.593533 0.010000 0.023095
0 0.225000 0.591224 0.012500 0.027714
0 0.223750 0.560046 0.010000 0.020785
0 0.788125 0.073903 0.016250 0.023095
0 0.705000 0.094688 0.020000 0.023095
0 0.655625 0.107390 0.011250 0.025404
0 0.629375 0.109700 0.013750 0.030023
0 0.238750 0.561201 0.012500 0.027714
0 0.247500 0.590069 0.012500 0.025404
0 0.251875 0.560046 0.011250 0.025404
0 0.264375 0.554273 0.016250 0.023095
0 0.279375 0.551963 0.013750 0.023095
0 0.268125 0.583141 0.011250 0.020785
0 0.286250 0.584296 0.012500 0.023095
0 0.301875 0.547344 0.018750 0.023095
0 0.303125 0.577367 0.016250 0.027714
0 0.318125 0.577367 0.013750 0.023095
0 0.330000 0.576212 0.010000 0.025404
0 0.331875 0.539261 0.008750 0.025404
0 0.555625 0.509238 0.011250 0.020785
0 0.347500 0.572748 0.017500 0.023095
0 0.343750 0.540416 0.010000 0.023095
0 0.353125 0.539261 0.011250 0.025404
0 0.360625 0.570439 0.013750 0.027714
0 0.366250 0.541570 0.010000 0.020785
0 0.379375 0.566975 0.016250 0.025404
0 0.383125 0.535797 0.008750 0.027714
0 0.394375 0.533487 0.013750 0.027714
0 0.405625 0.563510 0.013750 0.023095
0 0.410625 0.528868 0.013750 0.027714
0 0.425625 0.527714 0.013750 0.025404
0 0.442500 0.554273 0.012500 0.027714
0 0.450000 0.524249 0.012500 0.023095
0 0.461875 0.554273 0.013750 0.027714
0 0.486250 0.518476 0.017500 0.030023
0 0.495000 0.548499 0.020000 0.025404
