0 0.209848 0.845154 0.416667 0.309693
0 0.497727 0.596927 0.301515 0.517730
0 0.182576 0.529551 0.298485 0.416076
0 0.043939 0.453901 0.084848 0.364066
0 0.112121 0.382979 0.115152 0.307329
0 0.187879 0.297872 0.087879 0.222222
0 0.492424 0.509456 0.112121 0.267139
0 0.505303 0.378251 0.116667 0.170213
0 0.431818 0.367612 0.075758 0.177305
0 0.719697 0.458629 0.103030 0.198582
0 0.675000 0.351064 0.062121 0.158392
0 0.240152 0.321513 0.074242 0.174941
0 0.766667 0.601655 0.184848 0.437352
0 0.871970 0.514184 0.125758 0.361702
0 0.956818 0.466903 0.062121 0.177305
0 0.627273 0.351064 0.051515 0.139480
0 0.357576 0.321513 0.075758 0.141844
