0 0.027273 0.420765 0.018182 0.054645
0 0.045455 0.420765 0.025455 0.054645
0 0.076364 0.426230 0.029091 0.043716
0 0.096364 0.418033 0.025455 0.060109
0 0.114545 0.404372 0.025455 0.054645
0 0.141818 0.409836 0.029091 0.043716
0 0.174545 0.401639 0.021818 0.060109
0 0.194545 0.401639 0.018182 0.049180
0 0.225455 0.404372 0.036364 0.054645
0 0.256364 0.409836 0.032727 0.043716
0 0.300000 0.404372 0.025455 0.043716
0 0.281818 0.409836 0.018182 0.043716
0 0.194545 0.363388 0.018182 0.049180
0 0.227273 0.368852 0.018182 0.038251
0 0.250909 0.363388 0.021818 0.049180
0 0.325455 0.360656 0.025455 0.054645
0 0.356364 0.357923 0.036364 0.060109
0 0.385455 0.366120 0.021818 0.043716
0 0.414545 0.363388 0.029091 0.049180
0 0.438182 0.363388 0.025455 0.049180
0 0.467273 0.363388 0.032727 0.060109
