0 0.675781 0.745421 0.340820 0.356777
0 0.402344 0.910989 0.095703 0.120879
0 0.257568 0.914652 0.056152 0.047619
0 0.156250 0.658242 0.114258 0.082784
0 0.637207 0.957143 0.099609 0.085714
0 0.784912 0.969963 0.130371 0.060073
0 0.547852 0.770330 0.076172 0.097436
0 0.125977 0.481319 0.075195 0.079121
0 0.509766 0.474725 0.074219 0.086447
0 0.329834 0.510989 0.041504 0.081319
0 0.301758 0.191575 0.074219 0.079853
0 0.791504 0.171429 0.120117 0.145055
0 0.914551 0.193040 0.082031 0.088645
0 0.797363 0.397436 0.070312 0.068132
0 0.119629 0.039927 0.088867 0.078388
0 0.229004 0.026374 0.061523 0.051282
0 0.049805 0.136630 0.075195 0.065201
0 0.035645 0.194505 0.057617 0.053480
0 0.258545 0.116117 0.026855 0.046154
0 0.172119 0.293407 0.057129 0.056410
0 0.415039 0.263004 0.039062 0.049817
0 0.483398 0.315385 0.049805 0.041758
0 0.557373 0.070330 0.056152 0.063004
0 0.566650 0.016117 0.046387 0.030769
0 0.589844 0.295238 0.037109 0.070330
0 0.624023 0.317582 0.039062 0.043223
0 0.707764 0.200000 0.053223 0.052747
0 0.777100 0.019048 0.038574 0.036630
0 0.906250 0.025275 0.046875 0.049084
0 0.824219 0.331136 0.066406 0.068864
0 0.982666 0.258242 0.034668 0.224908
0 0.113770 0.414652 0.044922 0.038095
0 0.156738 0.382051 0.043945 0.049084
0 0.229736 0.347985 0.047363 0.045421
0 0.060547 0.028938 0.047852 0.052015
0 0.335205 0.424542 0.051270 0.047619
0 0.391846 0.557509 0.046387 0.046886
0 0.492676 0.579853 0.055664 0.062271
0 0.667236 0.374725 0.052246 0.054945
0 0.729492 0.543590 0.032227 0.041026
0 0.923096 0.382784 0.065918 0.088645
0 0.952393 0.395238 0.046387 0.073993
0 0.918701 0.453114 0.072754 0.078388
0 0.962158 0.652381 0.049316 0.052015
0 0.953125 0.615018 0.041016 0.043223
0 0.303223 0.633333 0.032227 0.044689
0 0.458496 0.704762 0.032227 0.038095
0 0.468018 0.837729 0.035645 0.052015
0 0.624268 0.565201 0.030762 0.031502
0 0.794189 0.643956 0.039551 0.046886
0 0.765869 0.691575 0.021973 0.038095
