0 0.865979 0.411197 0.268041 0.281853
0 0.430412 0.799228 0.262887 0.401544
0 0.574742 0.160232 0.231959 0.150579
0 0.832474 0.057915 0.335052 0.108108
0 0.755155 0.818533 0.386598 0.185328
0 0.074742 0.756757 0.139175 0.254826
0 0.265464 0.737452 0.283505 0.247104
0 0.466495 0.615830 0.067010 0.127413
0 0.239691 0.642857 0.118557 0.158301
0 0.337629 0.592664 0.118557 0.111969
0 0.064433 0.635135 0.118557 0.081081
0 0.074742 0.397683 0.139175 0.146718
0 0.239691 0.440154 0.201031 0.100386
0 0.237113 0.233591 0.237113 0.096525
0 0.092784 0.169884 0.175258 0.092664
