0 0.292727 0.571038 0.032727 0.038251
0 0.252727 0.601093 0.025455 0.032787
0 0.272727 0.647541 0.021818 0.027322
0 0.301818 0.631148 0.029091 0.049180
0 0.285455 0.677596 0.025455 0.032787
0 0.325455 0.685792 0.032727 0.027322
0 0.343636 0.669399 0.025455 0.027322
0 0.358182 0.633880 0.032727 0.032787
0 0.376364 0.595628 0.047273 0.032787
0 0.429091 0.568306 0.036364 0.032787
0 0.390909 0.647541 0.025455 0.027322
0 0.400000 0.625683 0.021818 0.038251
0 0.407273 0.699454 0.029091 0.032787
0 0.421818 0.663934 0.029091 0.038251
0 0.443636 0.639344 0.029091 0.021858
0 0.440000 0.674863 0.029091 0.027322
0 0.447273 0.612022 0.029091 0.021858
0 0.460000 0.584699 0.025455 0.032787
0 0.489091 0.688525 0.032727 0.032787
0 0.472727 0.669399 0.021818 0.027322
0 0.900000 0.729508 0.040000 0.038251
0 0.843636 0.639344 0.036364 0.032787
0 0.721818 0.584699 0.018182 0.032787
0 0.780000 0.696721 0.025455 0.027322
0 0.776364 0.666667 0.032727 0.032787
0 0.727273 0.702186 0.036364 0.049180
0 0.710909 0.644809 0.018182 0.032787
0 0.696364 0.606557 0.018182 0.032787
0 0.654545 0.606557 0.021818 0.021858
0 0.643636 0.622951 0.029091 0.021858
0 0.594545 0.609290 0.025455 0.027322
0 0.572727 0.620219 0.032727 0.027322
0 0.500000 0.598361 0.032727 0.038251
0 0.518182 0.628415 0.025455 0.032787
0 0.660000 0.704918 0.025455 0.032787
0 0.687273 0.680328 0.036364 0.038251
0 0.554545 0.713115 0.054545 0.038251
0 0.525455 0.672131 0.032727 0.032787
0 0.545455 0.633880 0.021818 0.032787
0 0.630909 0.669399 0.032727 0.038251
0 0.625455 0.704918 0.043636 0.043716
0 0.658182 0.707650 0.029091 0.038251
0 0.561818 0.680328 0.040000 0.038251
0 0.585455 0.653005 0.029091 0.038251
