0 0.272201 0.662371 0.312741 0.314433
0 0.312741 0.389175 0.084942 0.221649
0 0.453668 0.275773 0.189189 0.221649
0 0.440154 0.641753 0.262548 0.170103
0 0.403475 0.543814 0.258687 0.087629
0 0.498069 0.445876 0.138996 0.314433
0 0.032819 0.708763 0.057915 0.170103
0 0.611969 0.445876 0.088803 0.283505
0 0.542471 0.126289 0.204633 0.180412
0 0.515444 0.737113 0.173745 0.247423
0 0.625483 0.734536 0.115830 0.262887
0 0.741313 0.654639 0.247104 0.185567
0 0.760618 0.922680 0.193050 0.154639
0 0.843629 0.796392 0.312741 0.170103
