0 0.187632 0.243681 0.062632 0.108215
0 0.643158 0.369668 0.157895 0.203791
0 0.345000 0.831754 0.073158 0.150079
0 0.771316 0.817536 0.146842 0.145340
0 0.286053 0.114534 0.082632 0.116904
0 0.046579 0.157583 0.090000 0.111374
0 0.039211 0.046998 0.077368 0.089258
0 0.156842 0.657188 0.103158 0.104265
0 0.675000 0.702212 0.093158 0.080569
0 0.106316 0.195103 0.043158 0.078989
0 0.131316 0.076619 0.051053 0.091627
0 0.214474 0.088863 0.059474 0.071880
0 0.251842 0.157583 0.041579 0.060821
0 0.258421 0.293444 0.033684 0.056082
0 0.309737 0.293049 0.043684 0.061611
0 0.346579 0.213270 0.041579 0.060032
0 0.383158 0.202212 0.048421 0.077409
0 0.473158 0.296603 0.046316 0.087678
0 0.400000 0.083728 0.050526 0.121643
0 0.445000 0.067536 0.065789 0.127172
0 0.503158 0.126777 0.054737 0.070300
0 0.586579 0.092417 0.055263 0.067930
0 0.739737 0.191153 0.099474 0.091627
0 0.846316 0.221564 0.056842 0.067141
0 0.820000 0.278041 0.091579 0.053712
0 0.926579 0.247235 0.101579 0.102686
0 0.955000 0.335703 0.076316 0.088468
0 0.541316 0.334123 0.051053 0.078989
0 0.581053 0.297788 0.065263 0.105845
0 0.596053 0.348736 0.037368 0.068720
0 0.636316 0.243681 0.066316 0.117694
0 0.725000 0.253160 0.050000 0.046603
0 0.874737 0.342022 0.066316 0.047393
0 0.794474 0.343207 0.043684 0.075039
0 0.718158 0.344392 0.066842 0.102686
0 0.725263 0.289100 0.040000 0.080569
0 0.831316 0.392575 0.044737 0.075829
0 0.106842 0.342022 0.024211 0.018957
0 0.072632 0.553318 0.026316 0.046603
0 0.083158 0.518562 0.030526 0.041864
0 0.048421 0.581359 0.048421 0.083728
0 0.018421 0.584913 0.035789 0.054502
0 0.011316 0.627172 0.021579 0.045814
0 0.143158 0.458136 0.045263 0.064771
0 0.174737 0.490126 0.037895 0.048183
0 0.145000 0.502370 0.037368 0.044234
0 0.065000 0.660742 0.042632 0.038705
0 0.033158 0.538310 0.030526 0.046603
0 0.066053 0.530016 0.016316 0.034755
0 0.034737 0.462085 0.068421 0.071090
0 0.051316 0.414297 0.030000 0.060821
0 0.077632 0.384676 0.059474 0.067930
0 0.082632 0.359400 0.042105 0.075829
0 0.069474 0.475513 0.036842 0.055292
0 0.168158 0.581359 0.035263 0.061611
0 0.029211 0.696288 0.026842 0.016588
0 0.251316 0.684044 0.024737 0.039494
0 0.251579 0.600316 0.075789 0.074250
0 0.250000 0.496051 0.062105 0.075829
0 0.260263 0.410348 0.050000 0.076619
0 0.210263 0.395735 0.039474 0.031596
0 0.181579 0.381912 0.026316 0.032385
0 0.215000 0.710900 0.020526 0.025276
0 0.306579 0.672591 0.063684 0.048183
0 0.271579 0.539100 0.043158 0.073460
0 0.324474 0.494866 0.035263 0.046603
0 0.359474 0.409163 0.049474 0.064771
0 0.311316 0.594787 0.030000 0.022117
0 0.297632 0.629147 0.045789 0.052923
0 0.365000 0.495656 0.033158 0.030806
0 0.367632 0.631122 0.051053 0.037915
0 0.352895 0.603476 0.044737 0.048973
0 0.411316 0.624408 0.033158 0.046603
0 0.508421 0.523302 0.044211 0.090837
0 0.558158 0.504739 0.044737 0.074250
0 0.469737 0.597156 0.046842 0.072670
0 0.498421 0.581359 0.043158 0.052133
0 0.496316 0.390600 0.031579 0.057662
0 0.518421 0.416667 0.045263 0.086098
0 0.441579 0.427725 0.083158 0.138231
0 0.422895 0.489336 0.107895 0.157188
0 0.961842 0.430095 0.035263 0.093997
0 0.896053 0.420616 0.088947 0.081359
0 0.886316 0.388626 0.031579 0.069510
0 0.848421 0.518957 0.089474 0.109005
0 0.967895 0.524487 0.060000 0.069510
0 0.806579 0.624013 0.076316 0.082148
0 0.937895 0.630727 0.060000 0.084518
0 0.911053 0.619668 0.053684 0.081359
0 0.990000 0.595972 0.020000 0.038705
0 0.976316 0.595182 0.028421 0.049763
0 0.989737 0.684044 0.020526 0.025276
0 0.962895 0.689968 0.026842 0.035545
0 0.987632 0.667062 0.024737 0.019747
0 0.980263 0.686414 0.026842 0.034755
0 0.277895 0.730253 0.033684 0.029226
0 0.296316 0.696682 0.023158 0.026856
0 0.386053 0.675750 0.041579 0.071880
0 0.340263 0.694313 0.036316 0.042654
0 0.363158 0.717615 0.036842 0.038705
0 0.451579 0.646524 0.041053 0.076619
0 0.496053 0.637836 0.052105 0.067141
0 0.517895 0.726303 0.077895 0.075039
0 0.639737 0.623618 0.043684 0.062401
0 0.573158 0.616114 0.080000 0.063191
0 0.638158 0.558452 0.058421 0.066351
0 0.713158 0.467615 0.040000 0.085308
0 0.626579 0.471959 0.043684 0.046603
0 0.764737 0.655608 0.042105 0.072670
0 0.610263 0.706161 0.058421 0.042654
0 0.541316 0.670616 0.041579 0.055292
0 0.541053 0.584518 0.037895 0.047393
0 0.766316 0.397314 0.043158 0.080569
0 0.781579 0.553318 0.072632 0.073460
0 0.683158 0.631122 0.043158 0.075829
0 0.904737 0.544629 0.054737 0.059242
0 0.936316 0.867694 0.056842 0.052923
0 0.881316 0.863349 0.082632 0.110585
0 0.908158 0.694313 0.073158 0.072670
0 0.739474 0.772907 0.068421 0.048183
0 0.890000 0.795814 0.073684 0.054502
0 0.958158 0.731833 0.083684 0.052923
0 0.863421 0.736572 0.053158 0.046603
0 0.709211 0.917062 0.061579 0.056872
0 0.671053 0.970379 0.085263 0.059242
0 0.584737 0.845577 0.080000 0.043444
0 0.618421 0.946288 0.074737 0.064771
0 0.121053 0.905608 0.056842 0.089258
0 0.033421 0.867694 0.065789 0.149289
0 0.190000 0.909163 0.030526 0.066351
0 0.179474 0.741706 0.058947 0.047393
0 0.235000 0.795419 0.050000 0.091627
0 0.077632 0.953397 0.050000 0.056872
0 0.256316 0.912717 0.033684 0.052923
0 0.163158 0.795024 0.031579 0.033965
0 0.187895 0.781596 0.011579 0.015008
0 0.055000 0.727883 0.035263 0.062401
0 0.071842 0.720774 0.018421 0.022907
0 0.134474 0.766588 0.012105 0.010269
0 0.131316 0.802133 0.010000 0.015008
0 0.104474 0.836888 0.038421 0.038705
0 0.092632 0.760664 0.024211 0.018957
0 0.023158 0.732227 0.033684 0.031596
0 0.015526 0.749605 0.030000 0.060032
0 0.063421 0.817536 0.052105 0.053712
0 0.085000 0.783570 0.020526 0.034755
0 0.086316 0.857820 0.036842 0.026856
0 0.162368 0.984597 0.028947 0.030806
0 0.098947 0.973934 0.036842 0.052133
0 0.291053 0.986967 0.034737 0.026066
0 0.203421 0.960506 0.033158 0.053712
0 0.315526 0.777251 0.066842 0.053712
0 0.303947 0.909953 0.047895 0.034755
0 0.320526 0.959321 0.032632 0.081359
0 0.298421 0.827409 0.043158 0.045024
0 0.380526 0.840047 0.034737 0.101896
0 0.433421 0.954976 0.038421 0.090047
0 0.373421 0.973539 0.041579 0.052923
0 0.469211 0.947077 0.030000 0.052133
0 0.536316 0.986572 0.043158 0.026856
0 0.586316 0.991706 0.028421 0.016588
0 0.582368 0.916272 0.023684 0.074250
0 0.609211 0.910742 0.033158 0.037915
0 0.656053 0.775671 0.063684 0.064771
0 0.517105 0.933649 0.063684 0.045814
0 0.422105 0.770142 0.071579 0.048973
0 0.505000 0.870458 0.044737 0.064771
0 0.463158 0.864929 0.044211 0.052133
