0 0.109635 0.545833 0.093023 0.070833
0 0.215947 0.365625 0.086379 0.056250
0 0.294020 0.364583 0.083056 0.058333
0 0.302326 0.486458 0.093023 0.052083
0 0.377076 0.492708 0.089701 0.052083
0 0.616279 0.234375 0.096346 0.064583
0 0.303987 0.887500 0.096346 0.062500
0 0.461794 0.729167 0.086379 0.058333
0 0.549834 0.663542 0.089701 0.072917
0 0.549834 0.733333 0.089701 0.045833
0 0.842193 0.502083 0.096346 0.062500
0 0.594684 0.536458 0.086379 0.039583
0 0.649502 0.511458 0.083056 0.047917
0 0.617940 0.479167 0.093023 0.037500
0 0.860465 0.258333 0.086379 0.054167
0 0.825581 0.445833 0.089701 0.050000
0 0.637874 0.082292 0.086379 0.077083
0 0.818937 0.097917 0.083056 0.062500
