0 0.353282 0.847938 0.096525 0.252577
0 0.511583 0.703608 0.204633 0.118557
0 0.405405 0.608247 0.185328 0.103093
0 0.150579 0.448454 0.162162 0.103093
0 0.476834 0.458763 0.111969 0.082474
0 0.868726 0.474227 0.123552 0.072165
0 0.673745 0.484536 0.065637 0.092784
0 0.592664 0.474227 0.096525 0.072165
0 0.281853 0.317010 0.115830 0.046392
0 0.150579 0.301546 0.115830 0.087629
0 0.733591 0.440722 0.108108 0.077320
0 0.637066 0.422680 0.084942 0.041237
0 0.806950 0.409794 0.100386 0.056701
0 0.760618 0.329897 0.138996 0.082474
0 0.793436 0.296392 0.119691 0.067010
0 0.650579 0.340206 0.119691 0.072165
0 0.550193 0.270619 0.111969 0.056701
0 0.650579 0.275773 0.057915 0.067010
0 0.766409 0.237113 0.081081 0.061856
0 0.432432 0.309278 0.061776 0.072165
0 0.322394 0.247423 0.073359 0.082474
0 0.714286 0.190722 0.061776 0.072165
0 0.453668 0.255155 0.057915 0.056701
0 0.399614 0.229381 0.042471 0.118557
0 0.610039 0.211340 0.084942 0.072165
0 0.579151 0.157216 0.054054 0.046392
0 0.633205 0.167526 0.084942 0.056701
0 0.530888 0.224227 0.081081 0.046392
0 0.511583 0.139175 0.081081 0.072165
0 0.463320 0.180412 0.084942 0.072165
0 0.418919 0.146907 0.081081 0.056701
0 0.349421 0.159794 0.050193 0.082474
0 0.281853 0.157216 0.100386 0.067010
