0 0.086911 0.648611 0.098429 0.241667
0 0.228272 0.679167 0.094241 0.186111
0 0.351309 0.669444 0.078534 0.222222
0 0.245550 0.458333 0.091099 0.161111
0 0.181152 0.226389 0.067016 0.141667
0 0.239791 0.301389 0.083770 0.197222
0 0.313613 0.262500 0.070157 0.152778
0 0.421466 0.459722 0.091099 0.169444
0 0.426702 0.358333 0.082723 0.155556
0 0.494241 0.344444 0.060733 0.138889
0 0.523560 0.311111 0.052356 0.144444
0 0.449215 0.597222 0.092147 0.177778
0 0.518325 0.563889 0.058639 0.150000
0 0.596859 0.698611 0.121466 0.197222
0 0.617277 0.555556 0.095288 0.172222
0 0.639267 0.479167 0.047120 0.180556
0 0.716754 0.680556 0.139267 0.161111
0 0.741361 0.530556 0.050262 0.150000
0 0.700524 0.255556 0.046073 0.116667
0 0.756021 0.237500 0.043979 0.108333
0 0.808377 0.131944 0.060733 0.086111
0 0.869110 0.134722 0.031414 0.113889
0 0.882723 0.297222 0.069110 0.144444
0 0.879581 0.759722 0.092147 0.236111
0 0.932984 0.559722 0.052356 0.236111
0 0.908901 0.466667 0.090052 0.144444
