0 0.051852 0.347594 0.059259 0.128342
0 0.087037 0.339572 0.055556 0.122995
0 0.137037 0.352941 0.088889 0.106952
0 0.207407 0.347594 0.051852 0.106952
0 0.264815 0.339572 0.048148 0.112299
0 0.316667 0.334225 0.055556 0.112299
0 0.388889 0.323529 0.044444 0.122995
0 0.425926 0.326203 0.044444 0.106952
0 0.459259 0.315508 0.044444 0.128342
0 0.522222 0.299465 0.044444 0.128342
0 0.587037 0.310160 0.077778 0.128342
0 0.653704 0.299465 0.055556 0.128342
0 0.694444 0.299465 0.048148 0.128342
0 0.742593 0.310160 0.048148 0.085561
0 0.792593 0.288770 0.066667 0.128342
0 0.838889 0.278075 0.048148 0.128342
0 0.907407 0.272727 0.081481 0.128342
