0 0.931174 0.799020 0.089069 0.196078
0 0.694332 0.862745 0.060729 0.127451
0 0.275304 0.941176 0.137652 0.117647
0 0.485830 0.960784 0.089069 0.078431
0 0.566802 0.970588 0.129555 0.058824
0 0.421053 0.840686 0.056680 0.132353
0 0.483806 0.791667 0.101215 0.161765
0 0.388664 0.794118 0.097166 0.147059
0 0.269231 0.850490 0.085020 0.161765
0 0.327935 0.801471 0.048583 0.102941
0 0.143725 0.897059 0.133603 0.176471
0 0.206478 0.835784 0.056680 0.132353
0 0.052632 0.889706 0.097166 0.073529
0 0.558704 0.879902 0.064777 0.093137
0 0.623482 0.870098 0.056680 0.122549
0 0.186235 0.316176 0.097166 0.093137
0 0.024291 0.338235 0.040486 0.098039
0 0.781377 0.806373 0.105263 0.112745
0 0.702429 0.740196 0.117409 0.098039
0 0.834008 0.816176 0.064777 0.093137
0 0.929150 0.556373 0.060729 0.102941
0 0.971660 0.681373 0.048583 0.147059
0 0.906883 0.607843 0.097166 0.088235
0 0.560729 0.656863 0.052632 0.098039
0 0.107287 0.664216 0.068826 0.053922
0 0.273279 0.485294 0.068826 0.127451
0 0.204453 0.519608 0.068826 0.098039
0 0.054656 0.539216 0.093117 0.098039
0 0.700405 0.426471 0.113360 0.088235
0 0.570850 0.149510 0.121457 0.142157
