0 0.090301 0.901786 0.120401 0.136905
0 0.384615 0.860119 0.080268 0.160714
0 0.200669 0.735119 0.133779 0.160714
0 0.290970 0.684524 0.093645 0.166667
0 0.481605 0.675595 0.113712 0.125000
0 0.578595 0.648810 0.053512 0.166667
0 0.118729 0.577381 0.096990 0.154762
0 0.195652 0.571429 0.076923 0.154762
0 0.307692 0.520833 0.073579 0.184524
0 0.423077 0.491071 0.076923 0.160714
0 0.531773 0.461310 0.093645 0.148810
0 0.687291 0.437500 0.083612 0.136905
0 0.806020 0.386905 0.080268 0.190476
0 0.978261 0.375000 0.043478 0.214286
