0 0.937158 0.960000 0.071038 0.080000
0 0.874317 0.847273 0.054645 0.065455
0 0.877049 0.430909 0.147541 0.054545
0 0.887978 0.618182 0.038251 0.043636
0 0.702186 0.978182 0.060109 0.043636
0 0.650273 0.960000 0.065574 0.080000
0 0.297814 0.925455 0.060109 0.076364
0 0.352459 0.929091 0.081967 0.127273
0 0.445355 0.940000 0.060109 0.083636
0 0.169399 0.907273 0.054645 0.090909
0 0.571038 0.874545 0.114754 0.069091
0 0.737705 0.841818 0.076503 0.069091
0 0.846995 0.783636 0.054645 0.061818
0 0.051913 0.712727 0.038251 0.065455
0 0.210383 0.825455 0.049180 0.080000
0 0.051913 0.905455 0.071038 0.087273
0 0.035519 0.854545 0.060109 0.087273
0 0.142077 0.796364 0.054645 0.072727
0 0.439891 0.760000 0.038251 0.058182
0 0.734973 0.800000 0.038251 0.050909
0 0.073770 0.776364 0.081967 0.061818
0 0.431694 0.840000 0.087432 0.043636
0 0.549180 0.549091 0.060109 0.050909
0 0.407104 0.529091 0.071038 0.069091
0 0.478142 0.494545 0.071038 0.050909
0 0.065574 0.605455 0.054645 0.047273
0 0.109290 0.612727 0.032787 0.032727
0 0.204918 0.756364 0.049180 0.058182
0 0.737705 0.643636 0.032787 0.036364
0 0.666667 0.541818 0.076503 0.065455
0 0.158470 0.603636 0.043716 0.043636
0 0.202186 0.603636 0.032787 0.043636
0 0.234973 0.605455 0.043716 0.032727
0 0.281421 0.596364 0.049180 0.043636
0 0.319672 0.594545 0.049180 0.054545
0 0.677596 0.612727 0.043716 0.054545
0 0.532787 0.670909 0.049180 0.054545
0 0.590164 0.789091 0.043716 0.065455
0 0.658470 0.781818 0.081967 0.043636
0 0.792350 0.725455 0.054645 0.054545
0 0.344262 0.801818 0.043716 0.054545
0 0.387978 0.789091 0.087432 0.058182
0 0.368852 0.720000 0.060109 0.050909
0 0.297814 0.738182 0.071038 0.058182
0 0.265027 0.818182 0.049180 0.080000
0 0.139344 0.676364 0.049180 0.058182
0 0.655738 0.674545 0.076503 0.054545
0 0.647541 0.730909 0.103825 0.058182
0 0.191257 0.712727 0.054645 0.043636
0 0.136612 0.729091 0.065574 0.054545
0 0.874317 0.730909 0.087432 0.050909
