0 0.3449519230769231 0.8016826923076923 0.12860576923076922 0.38822115384615385
0 0.23677884615384615 0.703125 0.19591346153846154 0.2920673076923077
0 0.11057692307692307 0.6117788461538461 0.19951923076923078 0.35697115384615385
0 0.5324519230769231 0.5540865384615384 0.15144230769230768 0.4254807692307692
0 0.5685096153846154 0.44711538461538464 0.27403846153846156 0.19951923076923078
0 0.20673076923076922 0.27403846153846156 0.14182692307692307 0.3088942307692308
0 0.30528846153846156 0.29086538461538464 0.0985576923076923 0.36658653846153844
0 0.36658653846153844 0.2512019230769231 0.22115384615384615 0.3004807692307692
0 0.4014423076923077 0.1935096153846154 0.28725961538461536 0.3401442307692308
0 0.5637019230769231 0.18990384615384615 0.2247596153846154 0.296875
0 0.6358173076923077 0.18870192307692307 0.20432692307692307 0.30528846153846156
0 0.6766826923076923 0.22355769230769232 0.14423076923076922 0.2860576923076923
0 0.8149038461538461 0.2704326923076923 0.29927884615384615 0.375