0 0.27163461538461536 0.6622596153846154 0.3125 0.31490384615384615
0 0.3125 0.3894230769230769 0.08533653846153846 0.22115384615384615
0 0.453125 0.27524038461538464 0.18870192307692307 0.22115384615384615
0 0.43990384615384615 0.6418269230769231 0.2620192307692308 0.17067307692307693
0 0.40384615384615385 0.5432692307692307 0.25841346153846156 0.08774038461538461
0 0.49759615384615385 0.44591346153846156 0.13942307692307693 0.31490384615384615
0 0.03245192307692308 0.7091346153846154 0.057692307692307696 0.17067307692307693
0 0.6117788461538461 0.44591346153846156 0.0889423076923077 0.28365384615384615
0 0.5420673076923077 0.12620192307692307 0.20432692307692307 0.18028846153846154
0 0.515625 0.7367788461538461 0.17427884615384615 0.24759615384615385
0 0.625 0.734375 0.11538461538461539 0.26322115384615385
0 0.7415865384615384 0.6550480769230769 0.24759615384615385 0.18509615384615385
0 0.7620192307692307 0.9206730769230769 0.1971153846153846 0.14903846153846154
0 0.8413461538461539 0.7992788461538461 0.3088942307692308 0.17548076923076922