0 0.15865384615384615 0.5697115384615384 0.06610576923076923 0.11658653846153846
0 0.19471153846153846 0.8533653846153846 0.0889423076923077 0.08413461538461539
0 0.04927884615384615 0.4098557692307692 0.0625 0.0889423076923077
0 0.08533653846153846 0.2776442307692308 0.06971153846153846 0.09375
0 0.016826923076923076 0.25961538461538464 0.021634615384615384 0.03245192307692308
0 0.18269230769230768 0.29927884615384615 0.040865384615384616 0.04326923076923077
0 0.19591346153846154 0.16826923076923078 0.078125 0.09615384615384616
0 0.16826923076923078 0.10817307692307693 0.056490384615384616 0.06370192307692307
0 0.0829326923076923 0.09375 0.08052884615384616 0.04567307692307692
0 0.056490384615384616 0.04807692307692308 0.09134615384615384 0.09375
0 0.30649038461538464 0.9807692307692307 0.052884615384615384 0.037259615384615384
0 0.33533653846153844 0.8810096153846154 0.13701923076923078 0.08413461538461539
0 0.27283653846153844 0.2860576923076923 0.054086538461538464 0.028846153846153848
0 0.32211538461538464 0.2860576923076923 0.019230769230769232 0.036057692307692304
0 0.36778846153846156 0.3713942307692308 0.07572115384615384 0.06971153846153846
0 0.33774038461538464 0.29086538461538464 0.015625 0.019230769230769232
0 0.35697115384615385 0.28966346153846156 0.019230769230769232 0.026442307692307692
0 0.38221153846153844 0.28725961538461536 0.018028846153846152 0.037259615384615384
0 0.4074519230769231 0.28365384615384615 0.019230769230769232 0.040865384615384616
0 0.4014423076923077 0.24519230769230768 0.06610576923076923 0.04567307692307692
0 0.4495192307692308 0.7103365384615384 0.08774038461538461 0.09735576923076923
0 0.4362980769230769 0.5649038461538461 0.09134615384615384 0.125
0 0.4182692307692308 0.515625 0.07932692307692307 0.08173076923076923
0 0.5276442307692307 0.5949519230769231 0.1045673076923077 0.12379807692307693
0 0.5420673076923077 0.5300480769230769 0.10576923076923077 0.06370192307692307
0 0.4326923076923077 0.4026442307692308 0.021634615384615384 0.037259615384615384
0 0.4651442307692308 0.4170673076923077 0.013221153846153846 0.037259615384615384
0 0.5144230769230769 0.44471153846153844 0.016826923076923076 0.03365384615384615
0 0.45913461538461536 0.15144230769230768 0.12860576923076922 0.11177884615384616
0 0.45913461538461536 0.296875 0.014423076923076924 0.046875
0 0.49038461538461536 0.28125 0.04447115384615385 0.042067307692307696
0 0.5120192307692307 0.28966346153846156 0.014423076923076924 0.03245192307692308
0 0.5324519230769231 0.23677884615384615 0.08653846153846154 0.06610576923076923
0 0.5480769230769231 0.28966346153846156 0.020432692307692308 0.04567307692307692
0 0.5769230769230769 0.796875 0.08653846153846154 0.109375
0 0.6141826923076923 0.6646634615384616 0.051682692307692304 0.09134615384615384
0 0.5528846153846154 0.4579326923076923 0.019230769230769232 0.036057692307692304
0 0.6550480769230769 0.0625 0.09254807692307693 0.09615384615384616
0 0.5997596153846154 0.8978365384615384 0.056490384615384616 0.08653846153846154
0 0.6911057692307693 0.8112980769230769 0.10697115384615384 0.09615384615384616
0 0.6201923076923077 0.22956730769230768 0.11057692307692307 0.11177884615384616
0 0.6814903846153846 0.17307692307692307 0.06610576923076923 0.08653846153846154
0 0.6971153846153846 0.35216346153846156 0.1045673076923077 0.1141826923076923
0 0.6550480769230769 0.41586538461538464 0.07692307692307693 0.13341346153846154
0 0.6117788461538461 0.4951923076923077 0.07692307692307693 0.0829326923076923
0 0.65625 0.5240384615384616 0.06850961538461539 0.056490384615384616
0 0.6430288461538461 0.27524038461538464 0.014423076923076924 0.03125
0 0.6610576923076923 0.27403846153846156 0.013221153846153846 0.040865384615384616
0 0.6923076923076923 0.27163461538461536 0.026442307692307692 0.038461538461538464
0 0.7271634615384616 0.22956730769230768 0.020432692307692308 0.036057692307692304
0 0.7524038461538461 0.2644230769230769 0.015625 0.037259615384615384
0 0.7704326923076923 0.25600961538461536 0.018028846153846152 0.037259615384615384
0 0.6935096153846154 0.46274038461538464 0.11538461538461539 0.06129807692307692
0 0.7752403846153846 0.41466346153846156 0.04567307692307692 0.12620192307692307
0 0.7548076923076923 0.6754807692307693 0.07091346153846154 0.10697115384615384
0 0.7463942307692307 0.5733173076923077 0.06850961538461539 0.08413461538461539
0 0.6802884615384616 0.5733173076923077 0.051682692307692304 0.08774038461538461
0 0.6959134615384616 0.6081730769230769 0.04447115384615385 0.054086538461538464
0 0.6850961538461539 0.6550480769230769 0.057692307692307696 0.06009615384615385
0 0.8870192307692307 0.24158653846153846 0.051682692307692304 0.11538461538461539
0 0.8954326923076923 0.1141826923076923 0.11057692307692307 0.0733173076923077
0 0.9663461538461539 0.3762019230769231 0.06610576923076923 0.11899038461538461
0 0.9098557692307693 0.5396634615384616 0.1045673076923077 0.10096153846153846
0 0.9002403846153846 0.5757211538461539 0.11658653846153846 0.09615384615384616
0 0.9411057692307693 0.6706730769230769 0.057692307692307696 0.1045673076923077
0 0.8569711538461539 0.8461538461538461 0.11658653846153846 0.07932692307692307
0 0.9591346153846154 0.8365384615384616 0.07932692307692307 0.11658653846153846