0 0.13221153846153846 0.2548076923076923 0.08533653846153846 0.08533653846153846
0 0.22596153846153846 0.234375 0.056490384615384616 0.09134615384615384
0 0.1778846153846154 0.5048076923076923 0.06009615384615385 0.10336538461538461
0 0.3245192307692308 0.45552884615384615 0.027644230769230768 0.036057692307692304
0 0.3329326923076923 0.3786057692307692 0.05048076923076923 0.08774038461538461
0 0.30408653846153844 0.40384615384615385 0.042067307692307696 0.0733173076923077
0 0.4266826923076923 0.4098557692307692 0.05889423076923077 0.042067307692307696
0 0.5516826923076923 0.375 0.09134615384615384 0.09375
0 0.5588942307692307 0.4987980769230769 0.042067307692307696 0.030048076923076924
0 0.9615384615384616 0.35697115384615385 0.0733173076923077 0.09975961538461539
0 0.8798076923076923 0.39302884615384615 0.056490384615384616 0.051682692307692304
0 0.9002403846153846 0.6189903846153846 0.17548076923076922 0.17307692307692307
0 0.26322115384615385 0.9326923076923077 0.09375 0.12740384615384615
0 0.5072115384615384 0.6153846153846154 0.09014423076923077 0.1310096153846154
0 0.9014423076923077 0.8509615384615384 0.12259615384615384 0.19471153846153846
0 0.0889423076923077 0.9447115384615384 0.056490384615384616 0.0733173076923077
0 0.4110576923076923 0.9350961538461539 0.03485576923076923 0.07572115384615384
0 0.7151442307692307 0.7403846153846154 0.020432692307692308 0.04567307692307692
0 0.7355769230769231 0.7704326923076923 0.037259615384615384 0.04567307692307692
0 0.3293269230769231 0.6802884615384616 0.08774038461538461 0.109375
0 0.6995192307692307 0.6334134615384616 0.08173076923076923 0.11298076923076923
0 0.6995192307692307 0.5408653846153846 0.07451923076923077 0.09134615384615384
0 0.7644230769230769 0.47475961538461536 0.09134615384615384 0.09735576923076923
0 0.05889423076923077 0.84375 0.1141826923076923 0.11899038461538461
0 0.019230769230769232 0.7584134615384616 0.03365384615384615 0.04567307692307692
0 0.11538461538461539 0.6334134615384616 0.027644230769230768 0.027644230769230768
0 0.5132211538461539 0.9387019230769231 0.04326923076923077 0.07932692307692307
0 0.40865384615384615 0.734375 0.05889423076923077 0.11298076923076923
0 0.14182692307692307 0.9038461538461539 0.05048076923076923 0.06971153846153846
0 0.8185096153846154 0.9038461538461539 0.028846153846153848 0.08173076923076923
0 0.84375 0.4387019230769231 0.10817307692307693 0.07572115384615384
0 0.7668269230769231 0.5913461538461539 0.04567307692307692 0.06971153846153846
0 0.5889423076923077 0.6201923076923077 0.051682692307692304 0.08533653846153846
0 0.33413461538461536 0.9230769230769231 0.04326923076923077 0.09375
0 0.36899038461538464 0.8930288461538461 0.054086538461538464 0.07932692307692307
0 0.6935096153846154 0.9747596153846154 0.08774038461538461 0.04567307692307692
0 0.8798076923076923 0.9711538461538461 0.04326923076923077 0.051682692307692304
0 0.9194711538461539 0.9483173076923077 0.10216346153846154 0.09735576923076923
0 0.8449519230769231 0.9591346153846154 0.039663461538461536 0.07572115384615384
0 0.9783653846153846 0.7944711538461539 0.027644230769230768 0.04567307692307692
0 0.8112980769230769 0.7992788461538461 0.027644230769230768 0.042067307692307696
0 0.14423076923076922 0.7355769230769231 0.02283653846153846 0.036057692307692304
0 0.10336538461538461 0.7584134615384616 0.03125 0.04567307692307692
0 0.5480769230769231 0.8389423076923077 0.025240384615384616 0.0733173076923077
0 0.7860576923076923 0.7692307692307693 0.014423076923076924 0.030048076923076924
0 0.027644230769230768 0.6935096153846154 0.01201923076923077 0.030048076923076924
0 0.09495192307692307 0.6875 0.02283653846153846 0.02403846153846154
0 0.0673076923076923 0.7067307692307693 0.019230769230769232 0.039663461538461536
0 0.18870192307692307 0.671875 0.04807692307692308 0.0733173076923077
0 0.25600961538461536 0.7475961538461539 0.1045673076923077 0.09735576923076923
0 0.7668269230769231 0.8509615384615384 0.037259615384615384 0.055288461538461536