0 0.3786057692307692 0.6670673076923077 0.03485576923076923 0.056490384615384616
0 0.5408653846153846 0.6598557692307693 0.042067307692307696 0.06129807692307692
0 0.6887019230769231 0.6550480769230769 0.038461538461538464 0.06129807692307692
0 0.6923076923076923 0.5649038461538461 0.038461538461538464 0.046875
0 0.6634615384615384 0.5588942307692307 0.057692307692307696 0.056490384615384616
0 0.6286057692307693 0.453125 0.03485576923076923 0.07211538461538461
0 0.5252403846153846 0.47475961538461536 0.05048076923076923 0.040865384615384616
0 0.4230769230769231 0.46634615384615385 0.04567307692307692 0.07692307692307693
0 0.6574519230769231 0.36899038461538464 0.038461538461538464 0.0673076923076923
0 0.5961538461538461 0.36899038461538464 0.04567307692307692 0.056490384615384616
0 0.5288461538461539 0.3786057692307692 0.042067307692307696 0.046875
0 0.4495192307692308 0.3762019230769231 0.06971153846153846 0.051682692307692304
0 0.3557692307692308 0.3870192307692308 0.06490384615384616 0.051682692307692304
0 0.6706730769230769 0.17067307692307693 0.03485576923076923 0.06129807692307692
0 0.6033653846153846 0.14903846153846154 0.07692307692307693 0.07211538461538461
0 0.42908653846153844 0.15504807692307693 0.057692307692307696 0.07211538461538461
0 0.4483173076923077 0.09014423076923077 0.019230769230769232 0.036057692307692304
0 0.47475961538461536 0.10336538461538461 0.03485576923076923 0.06129807692307692
0 0.5 0.09735576923076923 0.03125 0.07211538461538461
0 0.5384615384615384 0.11057692307692307 0.054086538461538464 0.0673076923076923
0 0.5024038461538461 0.05889423076923077 0.05048076923076923 0.046875