0 0.9314903846153846 0.7992788461538461 0.0889423076923077 0.19591346153846154
0 0.6947115384615384 0.8629807692307693 0.06129807692307692 0.12740384615384615
0 0.2776442307692308 0.9387019230769231 0.14182692307692307 0.11298076923076923
0 0.4879807692307692 0.9579326923076923 0.09254807692307693 0.0733173076923077
0 0.5685096153846154 0.9675480769230769 0.13341346153846154 0.054086538461538464
0 0.4206730769230769 0.8401442307692307 0.056490384615384616 0.13221153846153846
0 0.484375 0.7920673076923077 0.10096153846153846 0.1622596153846154
0 0.38822115384615385 0.7944711538461539 0.09735576923076923 0.1466346153846154
0 0.2692307692307692 0.8509615384615384 0.08533653846153846 0.1622596153846154
0 0.328125 0.8016826923076923 0.04807692307692308 0.10336538461538461
0 0.14423076923076922 0.8966346153846154 0.13341346153846154 0.17668269230769232
0 0.20673076923076922 0.8353365384615384 0.056490384615384616 0.13221153846153846
0 0.052884615384615384 0.8894230769230769 0.09735576923076923 0.0733173076923077
0 0.5588942307692307 0.8798076923076923 0.06490384615384616 0.09254807692307693
0 0.6237980769230769 0.8701923076923077 0.056490384615384616 0.12259615384615384
0 0.18629807692307693 0.3161057692307692 0.09735576923076923 0.09254807692307693
0 0.02403846153846154 0.33774038461538464 0.040865384615384616 0.0985576923076923
0 0.78125 0.8064903846153846 0.10576923076923077 0.11298076923076923
0 0.7019230769230769 0.7403846153846154 0.11778846153846154 0.0985576923076923
0 0.8341346153846154 0.8161057692307693 0.06490384615384616 0.09254807692307693
0 0.9290865384615384 0.5564903846153846 0.06129807692307692 0.10336538461538461
0 0.9711538461538461 0.6814903846153846 0.04807692307692308 0.1466346153846154
0 0.9074519230769231 0.6081730769230769 0.09735576923076923 0.08774038461538461
0 0.5612980769230769 0.6574519230769231 0.052884615384615384 0.0985576923076923
0 0.10697115384615384 0.6646634615384616 0.06850961538461539 0.054086538461538464
0 0.27283653846153844 0.4855769230769231 0.06850961538461539 0.12740384615384615
0 0.20432692307692307 0.5192307692307693 0.06850961538461539 0.0985576923076923
0 0.054086538461538464 0.5396634615384616 0.09254807692307693 0.0985576923076923
0 0.7007211538461539 0.4266826923076923 0.11298076923076923 0.08774038461538461
0 0.5709134615384616 0.14903846153846154 0.12139423076923077 0.14182692307692307