0 0.0733173076923077 0.5853365384615384 0.13942307692307693 0.28365384615384615
0 0.08653846153846154 0.16706730769230768 0.1658653846153846 0.17067307692307693
0 0.23557692307692307 0.29927884615384615 0.22355769230769232 0.18509615384615385
0 0.5709134615384616 0.14903846153846154 0.23918269230769232 0.27884615384615385
0 0.24519230769230768 0.6466346153846154 0.18870192307692307 0.18028846153846154
0 0.07692307692307693 0.9591346153846154 0.1466346153846154 0.07211538461538461
0 0.23197115384615385 0.9326923076923077 0.07692307692307693 0.12379807692307693
0 0.46875 0.9230769230769231 0.0733173076923077 0.14423076923076922
0 0.34975961538461536 0.9098557692307693 0.0889423076923077 0.17067307692307693
0 0.43028846153846156 0.9663461538461539 0.057692307692307696 0.056490384615384616
0 0.8629807692307693 0.6033653846153846 0.2668269230769231 0.5048076923076923