0 0.051682692307692304 0.3473557692307692 0.05889423076923077 0.12860576923076922
0 0.08653846153846154 0.3401442307692308 0.055288461538461536 0.12259615384615384
0 0.13701923076923078 0.35336538461538464 0.0889423076923077 0.10697115384615384
0 0.20793269230769232 0.3473557692307692 0.051682692307692304 0.10697115384615384
0 0.2644230769230769 0.3401442307692308 0.04807692307692308 0.11177884615384616
0 0.3161057692307692 0.33413461538461536 0.055288461538461536 0.11177884615384616
0 0.3894230769230769 0.3233173076923077 0.04447115384615385 0.12259615384615384
0 0.4254807692307692 0.32572115384615385 0.04447115384615385 0.10697115384615384
0 0.45913461538461536 0.3161057692307692 0.04447115384615385 0.12860576923076922
0 0.5216346153846154 0.29927884615384615 0.04447115384615385 0.12860576923076922
0 0.5865384615384616 0.31009615384615385 0.078125 0.12860576923076922
0 0.6538461538461539 0.29927884615384615 0.055288461538461536 0.12860576923076922
0 0.6947115384615384 0.29927884615384615 0.04807692307692308 0.12860576923076922
0 0.7427884615384616 0.31009615384615385 0.04807692307692308 0.08533653846153846
0 0.7920673076923077 0.28846153846153844 0.06610576923076923 0.12860576923076922
0 0.8389423076923077 0.2776442307692308 0.04807692307692308 0.12860576923076922
0 0.9074519230769231 0.27283653846153844 0.08173076923076923 0.12860576923076922