0 0.027644230769230768 0.4206730769230769 0.018028846153846152 0.054086538461538464
0 0.04567307692307692 0.4206730769230769 0.025240384615384616 0.054086538461538464
0 0.07692307692307693 0.4266826923076923 0.028846153846153848 0.04326923076923077
0 0.09615384615384616 0.4182692307692308 0.025240384615384616 0.06009615384615385
0 0.1141826923076923 0.40384615384615385 0.025240384615384616 0.054086538461538464
0 0.14182692307692307 0.4098557692307692 0.028846153846153848 0.04326923076923077
0 0.17427884615384615 0.4014423076923077 0.021634615384615384 0.06009615384615385
0 0.19471153846153846 0.4014423076923077 0.018028846153846152 0.04927884615384615
0 0.22596153846153846 0.40384615384615385 0.036057692307692304 0.054086538461538464
0 0.25600961538461536 0.4098557692307692 0.03245192307692308 0.04326923076923077
0 0.3004807692307692 0.40384615384615385 0.025240384615384616 0.04326923076923077
0 0.28125 0.4098557692307692 0.018028846153846152 0.04326923076923077
0 0.19471153846153846 0.3629807692307692 0.018028846153846152 0.04927884615384615
0 0.22716346153846154 0.36899038461538464 0.018028846153846152 0.038461538461538464
0 0.2512019230769231 0.3629807692307692 0.021634615384615384 0.04927884615384615
0 0.32572115384615385 0.3605769230769231 0.025240384615384616 0.054086538461538464
0 0.3557692307692308 0.3581730769230769 0.036057692307692304 0.06009615384615385
0 0.3858173076923077 0.36658653846153844 0.021634615384615384 0.04326923076923077
0 0.41466346153846156 0.3629807692307692 0.028846153846153848 0.04927884615384615
0 0.4387019230769231 0.3629807692307692 0.025240384615384616 0.04927884615384615
0 0.4675480769230769 0.3629807692307692 0.03245192307692308 0.06009615384615385