0 0.35336538461538464 0.8473557692307693 0.09615384615384616 0.25240384615384615
0 0.5120192307692307 0.703125 0.20432692307692307 0.11899038461538461
0 0.4050480769230769 0.6081730769230769 0.18509615384615385 0.10336538461538461
0 0.1502403846153846 0.4483173076923077 0.1622596153846154 0.10336538461538461
0 0.47716346153846156 0.45913461538461536 0.11177884615384616 0.0829326923076923
0 0.8689903846153846 0.47475961538461536 0.12379807692307693 0.07211538461538461
0 0.6742788461538461 0.484375 0.06610576923076923 0.09254807692307693
0 0.5925480769230769 0.47475961538461536 0.09615384615384616 0.07211538461538461
0 0.2824519230769231 0.3173076923076923 0.11538461538461539 0.046875
0 0.1502403846153846 0.3016826923076923 0.11538461538461539 0.08774038461538461
0 0.7331730769230769 0.4411057692307692 0.10817307692307693 0.07692307692307693
0 0.6370192307692307 0.4230769230769231 0.08533653846153846 0.040865384615384616
0 0.8064903846153846 0.4098557692307692 0.10096153846153846 0.056490384615384616
0 0.7608173076923077 0.3293269230769231 0.13942307692307693 0.0829326923076923
0 0.7932692307692307 0.296875 0.1201923076923077 0.0673076923076923
0 0.6502403846153846 0.3401442307692308 0.1201923076923077 0.07211538461538461
0 0.5504807692307693 0.2704326923076923 0.11177884615384616 0.056490384615384616
0 0.6502403846153846 0.27524038461538464 0.057692307692307696 0.0673076923076923
0 0.7668269230769231 0.23677884615384615 0.08052884615384616 0.06129807692307692
0 0.4326923076923077 0.3088942307692308 0.06129807692307692 0.07211538461538461
0 0.32211538461538464 0.24759615384615385 0.0733173076923077 0.0829326923076923
0 0.7139423076923077 0.19110576923076922 0.06129807692307692 0.07211538461538461
0 0.453125 0.2548076923076923 0.057692307692307696 0.056490384615384616
0 0.39903846153846156 0.22956730769230768 0.042067307692307696 0.11899038461538461
0 0.6105769230769231 0.21153846153846154 0.08533653846153846 0.07211538461538461
0 0.5793269230769231 0.15745192307692307 0.054086538461538464 0.046875
0 0.6334134615384616 0.16706730769230768 0.08533653846153846 0.056490384615384616
0 0.53125 0.2247596153846154 0.08052884615384616 0.046875
0 0.5120192307692307 0.13942307692307693 0.08052884615384616 0.07211538461538461
0 0.46274038461538464 0.18028846153846154 0.08533653846153846 0.07211538461538461
0 0.41947115384615385 0.1466346153846154 0.08052884615384616 0.056490384615384616
0 0.34975961538461536 0.15985576923076922 0.05048076923076923 0.0829326923076923
0 0.2824519230769231 0.15745192307692307 0.10096153846153846 0.0673076923076923