0 0.234375 0.7776442307692307 0.109375 0.1141826923076923
0 0.5384615384615384 0.9026442307692307 0.07692307692307693 0.11057692307692307
0 0.2848557692307692 0.6021634615384616 0.0625 0.078125
0 0.47596153846153844 0.6514423076923077 0.0673076923076923 0.09375
0 0.5384615384615384 0.3894230769230769 0.08533653846153846 0.10817307692307693
0 0.44711538461538464 0.43149038461538464 0.0889423076923077 0.09375
0 0.4423076923076923 0.37740384615384615 0.10216346153846154 0.10216346153846154
0 0.1141826923076923 0.33413461538461536 0.09375 0.09134615384615384
0 0.12980769230769232 0.21033653846153846 0.10817307692307693 0.13221153846153846
0 0.23317307692307693 0.1502403846153846 0.1141826923076923 0.1141826923076923
0 0.4831730769230769 0.07932692307692307 0.1141826923076923 0.11658653846153846
0 0.7439903846153846 0.34375 0.08173076923076923 0.09735576923076923
0 0.6959134615384616 0.20673076923076922 0.08533653846153846 0.08653846153846154
0 0.8954326923076923 0.4050480769230769 0.08052884615384616 0.0829326923076923
0 0.8798076923076923 0.1971153846153846 0.10216346153846154 0.1141826923076923