0 0.28966346153846156 0.8197115384615384 0.13822115384615385 0.23076923076923078
0 0.6706730769230769 0.5649038461538461 0.07451923076923077 0.3954326923076923
0 0.48197115384615385 0.5504807692307693 0.17668269230769232 0.4098557692307692
0 0.3449519230769231 0.4206730769230769 0.09975961538461539 0.4098557692307692
0 0.5504807692307693 0.4567307692307692 0.09375 0.4387019230769231
0 0.2764423076923077 0.38822115384615385 0.052884615384615384 0.33052884615384615
0 0.6875 0.4639423076923077 0.14543269230769232 0.35216346153846156
0 0.7944711538461539 0.4206730769230769 0.16826923076923078 0.3954326923076923
0 0.4723557692307692 0.3737980769230769 0.08533653846153846 0.23076923076923078
0 0.6430288461538461 0.19831730769230768 0.057692307692307696 0.1658653846153846
0 0.4735576923076923 0.140625 0.04447115384615385 0.1658653846153846
0 0.6129807692307693 0.09375 0.057692307692307696 0.17307692307692307
0 0.5721153846153846 0.17307692307692307 0.057692307692307696 0.17307692307692307
0 0.5492788461538461 0.24519230769230768 0.046875 0.1875