0 0.09014423076923077 0.9014423076923077 0.1201923076923077 0.13701923076923078
0 0.38461538461538464 0.8605769230769231 0.08052884615384616 0.16105769230769232
0 0.20072115384615385 0.7355769230769231 0.13341346153846154 0.16105769230769232
0 0.29086538461538464 0.6850961538461539 0.09375 0.16706730769230768
0 0.48197115384615385 0.6754807692307693 0.1141826923076923 0.125
0 0.578125 0.6490384615384616 0.054086538461538464 0.16706730769230768
0 0.11899038461538461 0.5769230769230769 0.09735576923076923 0.15504807692307693
0 0.19591346153846154 0.5709134615384616 0.07692307692307693 0.15504807692307693
0 0.3076923076923077 0.5204326923076923 0.0733173076923077 0.18509615384615385
0 0.4230769230769231 0.49158653846153844 0.07692307692307693 0.16105769230769232
0 0.53125 0.46153846153846156 0.09375 0.14903846153846154
0 0.6875 0.4375 0.08413461538461539 0.13701923076923078
0 0.8064903846153846 0.3870192307692308 0.08052884615384616 0.18990384615384615
0 0.9771634615384616 0.37740384615384615 0.039663461538461536 0.21995192307692307