0 0.15264423076923078 0.3173076923076923 0.11177884615384616 0.2704326923076923
0 0.021634615384615384 0.6418269230769231 0.038461538461538464 0.1346153846153846
0 0.14543269230769232 0.6586538461538461 0.038461538461538464 0.11538461538461539
0 0.22235576923076922 0.6826923076923077 0.07091346153846154 0.17548076923076922
0 0.33413461538461536 0.6658653846153846 0.07091346153846154 0.14182692307692307
0 0.46875 0.7295673076923077 0.03485576923076923 0.1346153846153846
0 0.4387019230769231 0.7944711538461539 0.06129807692307692 0.12860576923076922
0 0.5288461538461539 0.7199519230769231 0.04447115384615385 0.11538461538461539
0 0.5120192307692307 0.6959134615384616 0.03245192307692308 0.08052884615384616
0 0.7091346153846154 0.6923076923076923 0.046875 0.12860576923076922
0 0.9423076923076923 0.7331730769230769 0.04927884615384615 0.11538461538461539