0 0.20673076923076922 0.28846153846153844 0.109375 0.08653846153846154
0 0.0985576923076923 0.15264423076923078 0.10216346153846154 0.10817307692307693
0 0.16947115384615385 0.20072115384615385 0.07692307692307693 0.08653846153846154
0 0.28125 0.13822115384615385 0.08413461538461539 0.16826923076923078
0 0.3762019230769231 0.23677884615384615 0.0985576923076923 0.09254807692307693
0 0.47836538461538464 0.2932692307692308 0.0985576923076923 0.08653846153846154
0 0.49278846153846156 0.22235576923076922 0.09134615384615384 0.07572115384615384
0 0.5733173076923077 0.15985576923076922 0.09134615384615384 0.1141826923076923
0 0.6442307692307693 0.5685096153846154 0.11658653846153846 0.10336538461538461
0 0.7103365384615384 0.47596153846153844 0.10576923076923077 0.09254807692307693
0 0.7596153846153846 0.5649038461538461 0.06490384615384616 0.10817307692307693
0 0.8557692307692307 0.5060096153846154 0.1201923076923077 0.09735576923076923
0 0.875 0.7932692307692307 0.1201923076923077 0.11899038461538461
0 0.9459134615384616 0.9350961538461539 0.10336538461538461 0.1201923076923077
0 0.8185096153846154 0.23076923076923078 0.0733173076923077 0.1141826923076923
0 0.9050480769230769 0.28846153846153844 0.109375 0.10817307692307693
0 0.8942307692307693 0.3581730769230769 0.10216346153846154 0.15264423076923078
0 0.9723557692307693 0.18990384615384615 0.046875 0.09735576923076923