0 0.8629807692307693 0.41346153846153844 0.26322115384615385 0.2860576923076923
0 0.4326923076923077 0.796875 0.26802884615384615 0.39783653846153844
0 0.5745192307692307 0.15985576923076922 0.23197115384615385 0.1502403846153846
0 0.8293269230769231 0.06009615384615385 0.3293269230769231 0.11177884615384616
0 0.7548076923076923 0.8185096153846154 0.3870192307692308 0.18509615384615385
0 0.07451923076923077 0.7572115384615384 0.13942307692307693 0.2548076923076923
0 0.265625 0.7379807692307693 0.28365384615384615 0.24759615384615385
0 0.46634615384615385 0.6153846153846154 0.0673076923076923 0.12740384615384615
0 0.23918269230769232 0.6430288461538461 0.11899038461538461 0.15865384615384615
0 0.33774038461538464 0.5925480769230769 0.11899038461538461 0.11177884615384616
0 0.06490384615384616 0.6346153846153846 0.11899038461538461 0.08052884615384616
0 0.07451923076923077 0.39783653846153844 0.13942307692307693 0.1466346153846154
0 0.23918269230769232 0.43990384615384615 0.20072115384615385 0.10096153846153846
0 0.23677884615384615 0.23317307692307693 0.23677884615384615 0.09615384615384616
0 0.09254807692307693 0.16947115384615385 0.17548076923076922 0.09254807692307693