0 0.59375 0.2091346153846154 0.15985576923076922 0.11658653846153846
0 0.7451923076923077 0.171875 0.09495192307692307 0.13341346153846154
0 0.90625 0.22115384615384615 0.17307692307692307 0.17427884615384615
0 0.07091346153846154 0.28725961538461536 0.04807692307692308 0.13341346153846154
0 0.12620192307692307 0.23798076923076922 0.040865384615384616 0.12740384615384615
0 0.17548076923076922 0.3173076923076923 0.05048076923076923 0.12259615384615384
0 0.2776442307692308 0.24759615384615385 0.04447115384615385 0.13341346153846154
0 0.2403846153846154 0.23798076923076922 0.04447115384615385 0.09254807692307693
0 0.1466346153846154 0.09254807692307693 0.14302884615384615 0.15144230769230768
0 0.17668269230769232 0.22956730769230768 0.040865384615384616 0.06370192307692307
0 0.38100961538461536 0.30288461538461536 0.04807692307692308 0.12740384615384615
0 0.4254807692307692 0.41586538461538464 0.04807692307692308 0.14543269230769232
0 0.42908653846153844 0.3425480769230769 0.04807692307692308 0.09254807692307693
0 0.4675480769230769 0.3545673076923077 0.030048076923076924 0.11658653846153846
0 0.5576923076923077 0.39783653846153844 0.040865384615384616 0.12259615384615384
0 0.5 0.3629807692307692 0.040865384615384616 0.0985576923076923
0 0.5288461538461539 0.421875 0.037259615384615384 0.0985576923076923
0 0.6262019230769231 0.4326923076923077 0.04807692307692308 0.12259615384615384
0 0.6838942307692307 0.48197115384615385 0.040865384615384616 0.1045673076923077
0 0.7668269230769231 0.4855769230769231 0.04447115384615385 0.11057692307692307
0 0.9086538461538461 0.5901442307692307 0.08173076923076923 0.12259615384615384
0 0.31971153846153844 0.36658653846153844 0.04807692307692308 0.13942307692307693
0 0.040865384615384616 0.3870192307692308 0.040865384615384616 0.11057692307692307
0 0.4879807692307692 0.5817307692307693 0.037259615384615384 0.1045673076923077
0 0.46634615384615385 0.4879807692307692 0.04807692307692308 0.1045673076923077
0 0.515625 0.47115384615384615 0.05048076923076923 0.12740384615384615
0 0.5697115384615384 0.7319711538461539 0.05048076923076923 0.11658653846153846
0 0.6694711538461539 0.6971153846153846 0.03365384615384615 0.11658653846153846
0 0.6514423076923077 0.7475961538461539 0.04447115384615385 0.11057692307692307
0 0.36538461538461536 0.45072115384615385 0.057692307692307696 0.13341346153846154
0 0.23076923076923078 0.37740384615384615 0.06850961538461539 0.13942307692307693
0 0.21033653846153846 0.4423076923076923 0.07451923076923077 0.15144230769230768
0 0.7836538461538461 0.5757211538461539 0.12620192307692307 0.1971153846153846
0 0.5769230769230769 0.49399038461538464 0.05048076923076923 0.11658653846153846
0 0.2283653846153846 0.4651442307692308 0.054086538461538464 0.11658653846153846
0 0.2920673076923077 0.42788461538461536 0.054086538461538464 0.11057692307692307
0 0.16105769230769232 0.4651442307692308 0.06490384615384616 0.1045673076923077
0 0.08653846153846154 0.5612980769230769 0.04447115384615385 0.12259615384615384
0 0.036057692307692304 0.5985576923076923 0.06490384615384616 0.11658653846153846
0 0.2536057692307692 0.5612980769230769 0.037259615384615384 0.12259615384615384
0 0.3641826923076923 0.5144230769230769 0.03365384615384615 0.12259615384615384
0 0.07451923076923077 0.43028846153846156 0.06129807692307692 0.11658653846153846
0 0.328125 0.6045673076923077 0.09134615384615384 0.1045673076923077
0 0.1346153846153846 0.5372596153846154 0.037259615384615384 0.0985576923076923
0 0.15264423076923078 0.6189903846153846 0.054086538461538464 0.12259615384615384
0 0.19951923076923078 0.5697115384615384 0.037259615384615384 0.11658653846153846
0 0.039663461538461536 0.5024038461538461 0.07091346153846154 0.0985576923076923
0 0.4014423076923077 0.6430288461538461 0.04807692307692308 0.08774038461538461
0 0.4266826923076923 0.5901442307692307 0.05048076923076923 0.0985576923076923
0 0.4338942307692308 0.5348557692307693 0.05048076923076923 0.1045673076923077
0 0.59375 0.6189903846153846 0.057692307692307696 0.12259615384615384
0 0.6358173076923077 0.5697115384615384 0.08173076923076923 0.12740384615384615
0 0.6394230769230769 0.5024038461538461 0.040865384615384616 0.0985576923076923
0 0.7079326923076923 0.5925480769230769 0.054086538461538464 0.11658653846153846
0 0.8149038461538461 0.6826923076923077 0.09134615384615384 0.12259615384615384
0 0.8701923076923077 0.6658653846153846 0.04807692307692308 0.12259615384615384
0 0.9098557692307693 0.7151442307692307 0.04447115384615385 0.1045673076923077
0 0.9591346153846154 0.6947115384615384 0.054086538461538464 0.14543269230769232
0 0.5216346153846154 0.6574519230769231 0.04447115384615385 0.09254807692307693
0 0.4807692307692308 0.6826923076923077 0.09134615384615384 0.12259615384615384
0 0.43149038461538464 0.7355769230769231 0.08173076923076923 0.11057692307692307
0 0.23076923076923078 0.671875 0.054086538461538464 0.11057692307692307
0 0.31490384615384615 0.6742788461538461 0.07091346153846154 0.11658653846153846
0 0.06610576923076923 0.7235576923076923 0.08533653846153846 0.15745192307692307
0 0.10697115384615384 0.7620192307692307 0.07091346153846154 0.11658653846153846
0 0.1310096153846154 0.8197115384615384 0.057692307692307696 0.09254807692307693
0 0.03365384615384615 0.828125 0.06129807692307692 0.0985576923076923
0 0.0625 0.8810096153846154 0.0985576923076923 0.0985576923076923
0 0.0829326923076923 0.9302884615384616 0.05048076923076923 0.1045673076923077
0 0.1466346153846154 0.8774038461538461 0.07451923076923077 0.1045673076923077
0 0.16947115384615385 0.9326923076923077 0.08173076923076923 0.0985576923076923
0 0.22115384615384615 0.7620192307692307 0.07451923076923077 0.08173076923076923
0 0.32091346153846156 0.8377403846153846 0.057692307692307696 0.09254807692307693
0 0.3894230769230769 0.7824519230769231 0.07091346153846154 0.11057692307692307
0 0.3401442307692308 0.7560096153846154 0.040865384615384616 0.09254807692307693
0 0.40865384615384615 0.8725961538461539 0.06129807692307692 0.08173076923076923
0 0.27163461538461536 0.9423076923076923 0.09495192307692307 0.1045673076923077
0 0.37740384615384615 0.9627403846153846 0.06850961538461539 0.06370192307692307
0 0.4375 0.9242788461538461 0.057692307692307696 0.11658653846153846
0 0.5240384615384616 0.8425480769230769 0.06850961538461539 0.13942307692307693
0 0.5997596153846154 0.7872596153846154 0.05048076923076923 0.12259615384615384
0 0.5829326923076923 0.921875 0.08533653846153846 0.12259615384615384
0 0.6237980769230769 0.8425480769230769 0.05048076923076923 0.11658653846153846
0 0.6838942307692307 0.8978365384615384 0.07451923076923077 0.0985576923076923
0 0.7536057692307693 0.7788461538461539 0.057692307692307696 0.11658653846153846
0 0.7548076923076923 0.8689903846153846 0.08173076923076923 0.11057692307692307
0 0.7692307692307693 0.953125 0.054086538461538464 0.08173076923076923
0 0.8822115384615384 0.9567307692307693 0.078125 0.07572115384615384
0 0.8521634615384616 0.8689903846153846 0.07091346153846154 0.08774038461538461
0 0.9338942307692307 0.8028846153846154 0.07091346153846154 0.1045673076923077
0 0.9543269230769231 0.8810096153846154 0.08533653846153846 0.11057692307692307
0 0.9399038461538461 0.9423076923076923 0.05048076923076923 0.1045673076923077