0 0.1875 0.2439903846153846 0.0625 0.10817307692307693
0 0.6430288461538461 0.3701923076923077 0.15745192307692307 0.20432692307692307
0 0.3449519230769231 0.8317307692307693 0.0733173076923077 0.1502403846153846
0 0.7716346153846154 0.8173076923076923 0.1466346153846154 0.14543269230769232
0 0.2860576923076923 0.1141826923076923 0.0829326923076923 0.11658653846153846
0 0.046875 0.15745192307692307 0.09014423076923077 0.11177884615384616
0 0.039663461538461536 0.046875 0.07692307692307693 0.0889423076923077
0 0.15625 0.6574519230769231 0.10336538461538461 0.1045673076923077
0 0.6754807692307693 0.7019230769230769 0.09375 0.08052884615384616
0 0.10576923076923077 0.19471153846153846 0.04326923076923077 0.07932692307692307
0 0.1310096153846154 0.07692307692307693 0.05048076923076923 0.09134615384615384
0 0.21394230769230768 0.0889423076923077 0.05889423076923077 0.07211538461538461
0 0.25240384615384615 0.15745192307692307 0.042067307692307696 0.06129807692307692
0 0.25841346153846156 0.2932692307692308 0.03365384615384615 0.056490384615384616
0 0.31009615384615385 0.2932692307692308 0.04326923076923077 0.06129807692307692
0 0.34615384615384615 0.2127403846153846 0.042067307692307696 0.06009615384615385
0 0.38341346153846156 0.20192307692307693 0.04807692307692308 0.07692307692307693
0 0.4735576923076923 0.296875 0.046875 0.08774038461538461
0 0.40024038461538464 0.08413461538461539 0.05048076923076923 0.12139423076923077
0 0.44471153846153844 0.0673076923076923 0.06610576923076923 0.12740384615384615
0 0.5036057692307693 0.12620192307692307 0.055288461538461536 0.06971153846153846
0 0.5865384615384616 0.09254807692307693 0.055288461538461536 0.06850961538461539
0 0.7391826923076923 0.19110576923076922 0.09975961538461539 0.09134615384615384
0 0.8461538461538461 0.22115384615384615 0.056490384615384616 0.0673076923076923
0 0.8197115384615384 0.2776442307692308 0.09134615384615384 0.054086538461538464
0 0.9266826923076923 0.24759615384615385 0.10216346153846154 0.10216346153846154
0 0.9555288461538461 0.33533653846153844 0.07572115384615384 0.0889423076923077
0 0.5408653846153846 0.33413461538461536 0.05048076923076923 0.07932692307692307
0 0.5805288461538461 0.2980769230769231 0.06490384615384616 0.10576923076923077
0 0.5961538461538461 0.3485576923076923 0.037259615384615384 0.06850961538461539
0 0.6358173076923077 0.2439903846153846 0.06610576923076923 0.11778846153846154
0 0.7247596153846154 0.2536057692307692 0.05048076923076923 0.046875
0 0.875 0.3425480769230769 0.06610576923076923 0.046875
0 0.7944711538461539 0.34375 0.04326923076923077 0.07451923076923077
0 0.71875 0.3449519230769231 0.0673076923076923 0.10216346153846154
0 0.7247596153846154 0.28966346153846156 0.039663461538461536 0.08052884615384616
0 0.8317307692307693 0.39302884615384615 0.04447115384615385 0.07572115384615384
0 0.10697115384615384 0.3425480769230769 0.02403846153846154 0.019230769230769232
0 0.07211538461538461 0.5528846153846154 0.026442307692307692 0.046875
0 0.0829326923076923 0.5180288461538461 0.030048076923076924 0.042067307692307696
0 0.04807692307692308 0.5817307692307693 0.04807692307692308 0.08413461538461539
0 0.018028846153846152 0.5853365384615384 0.036057692307692304 0.054086538461538464
0 0.010817307692307692 0.6274038461538461 0.021634615384615384 0.04567307692307692
0 0.14302884615384615 0.4579326923076923 0.04567307692307692 0.06490384615384616
0 0.17427884615384615 0.49038461538461536 0.038461538461538464 0.04807692307692308
0 0.14543269230769232 0.5024038461538461 0.037259615384615384 0.04447115384615385
0 0.06490384615384616 0.6610576923076923 0.042067307692307696 0.038461538461538464
0 0.03365384615384615 0.5384615384615384 0.030048076923076924 0.046875
0 0.06610576923076923 0.5300480769230769 0.016826923076923076 0.03485576923076923
0 0.03485576923076923 0.46153846153846156 0.06850961538461539 0.07091346153846154
0 0.051682692307692304 0.41466346153846156 0.030048076923076924 0.06129807692307692
0 0.078125 0.38461538461538464 0.05889423076923077 0.06850961538461539
0 0.0829326923076923 0.359375 0.042067307692307696 0.07572115384615384
0 0.06971153846153846 0.47596153846153844 0.037259615384615384 0.055288461538461536
0 0.16826923076923078 0.5817307692307693 0.03485576923076923 0.06129807692307692
0 0.028846153846153848 0.6959134615384616 0.026442307692307692 0.016826923076923076
0 0.2512019230769231 0.6838942307692307 0.025240384615384616 0.039663461538461536
0 0.2512019230769231 0.5997596153846154 0.07572115384615384 0.07451923076923077
0 0.25 0.4963942307692308 0.0625 0.07572115384615384
0 0.2608173076923077 0.4098557692307692 0.05048076923076923 0.07692307692307693
0 0.21033653846153846 0.3954326923076923 0.039663461538461536 0.03125
0 0.1814903846153846 0.38221153846153844 0.026442307692307692 0.03245192307692308
0 0.21514423076923078 0.7103365384615384 0.020432692307692308 0.025240384615384616
0 0.30649038461538464 0.6730769230769231 0.06370192307692307 0.04807692307692308
0 0.27163461538461536 0.5396634615384616 0.04326923076923077 0.0733173076923077
0 0.3245192307692308 0.4951923076923077 0.03485576923076923 0.046875
0 0.359375 0.40865384615384615 0.04927884615384615 0.06490384615384616
0 0.3112980769230769 0.5949519230769231 0.030048076923076924 0.021634615384615384
0 0.2980769230769231 0.6286057692307693 0.04567307692307692 0.052884615384615384
0 0.36538461538461536 0.4951923076923077 0.03365384615384615 0.03125
0 0.36778846153846156 0.6310096153846154 0.05048076923076923 0.038461538461538464
0 0.35336538461538464 0.6033653846153846 0.04447115384615385 0.04927884615384615
0 0.4110576923076923 0.625 0.03365384615384615 0.046875
0 0.5084134615384616 0.5228365384615384 0.04447115384615385 0.09134615384615384
0 0.5576923076923077 0.5048076923076923 0.04447115384615385 0.07451923076923077
0 0.4699519230769231 0.5973557692307693 0.046875 0.07211538461538461
0 0.4987980769230769 0.5817307692307693 0.04326923076923077 0.051682692307692304
0 0.4963942307692308 0.390625 0.03125 0.057692307692307696
0 0.5180288461538461 0.4170673076923077 0.04567307692307692 0.08653846153846154
0 0.4411057692307692 0.42788461538461536 0.0829326923076923 0.13822115384615385
0 0.4230769230769231 0.4891826923076923 0.10817307692307693 0.15745192307692307
0 0.9615384615384616 0.43028846153846156 0.03485576923076923 0.09375
0 0.8966346153846154 0.4206730769230769 0.0889423076923077 0.08173076923076923
0 0.8858173076923077 0.38822115384615385 0.03125 0.06971153846153846
0 0.8485576923076923 0.5192307692307693 0.0889423076923077 0.109375
0 0.9675480769230769 0.5240384615384616 0.06009615384615385 0.06971153846153846
0 0.8064903846153846 0.6237980769230769 0.07572115384615384 0.08173076923076923
0 0.9375 0.6310096153846154 0.06009615384615385 0.08413461538461539
0 0.9110576923076923 0.6201923076923077 0.054086538461538464 0.08173076923076923
0 0.9891826923076923 0.5961538461538461 0.019230769230769232 0.039663461538461536
0 0.9759615384615384 0.5949519230769231 0.028846153846153848 0.04927884615384615
0 0.9891826923076923 0.6838942307692307 0.020432692307692308 0.026442307692307692
0 0.9627403846153846 0.6899038461538461 0.026442307692307692 0.036057692307692304
0 0.9867788461538461 0.6670673076923077 0.02403846153846154 0.020432692307692308
0 0.9807692307692307 0.6862980769230769 0.026442307692307692 0.03485576923076923
0 0.2776442307692308 0.7307692307692307 0.03365384615384615 0.028846153846153848
0 0.296875 0.6971153846153846 0.02283653846153846 0.026442307692307692
0 0.3858173076923077 0.6754807692307693 0.042067307692307696 0.07211538461538461
0 0.3401442307692308 0.6947115384615384 0.036057692307692304 0.042067307692307696
0 0.3629807692307692 0.7175480769230769 0.037259615384615384 0.038461538461538464
0 0.4519230769230769 0.6466346153846154 0.040865384615384616 0.07692307692307693
0 0.4963942307692308 0.6382211538461539 0.051682692307692304 0.0673076923076923
0 0.5180288461538461 0.7259615384615384 0.078125 0.07451923076923077
0 0.6394230769230769 0.6237980769230769 0.04326923076923077 0.0625
0 0.5733173076923077 0.6165865384615384 0.08052884615384616 0.06370192307692307
0 0.6382211538461539 0.5588942307692307 0.05889423076923077 0.06610576923076923
0 0.7127403846153846 0.4675480769230769 0.039663461538461536 0.08533653846153846
0 0.6262019230769231 0.4723557692307692 0.04326923076923077 0.046875
0 0.7644230769230769 0.6550480769230769 0.042067307692307696 0.07211538461538461
0 0.6105769230769231 0.7067307692307693 0.05889423076923077 0.042067307692307696
0 0.5408653846153846 0.6706730769230769 0.042067307692307696 0.055288461538461536
0 0.5408653846153846 0.5841346153846154 0.038461538461538464 0.046875
0 0.7668269230769231 0.39783653846153844 0.04326923076923077 0.08052884615384616
0 0.78125 0.5528846153846154 0.07211538461538461 0.0733173076923077
0 0.6826923076923077 0.6310096153846154 0.04326923076923077 0.07572115384615384
0 0.9050480769230769 0.5444711538461539 0.055288461538461536 0.05889423076923077
0 0.9362980769230769 0.8677884615384616 0.056490384615384616 0.052884615384615384
0 0.8810096153846154 0.8629807692307693 0.0829326923076923 0.11057692307692307
0 0.9086538461538461 0.6947115384615384 0.0733173076923077 0.07211538461538461
0 0.7391826923076923 0.7728365384615384 0.06850961538461539 0.04807692307692308
0 0.8894230769230769 0.7956730769230769 0.0733173076923077 0.054086538461538464
0 0.9579326923076923 0.7319711538461539 0.0829326923076923 0.054086538461538464
0 0.8629807692307693 0.7367788461538461 0.052884615384615384 0.046875
0 0.7091346153846154 0.9170673076923077 0.06129807692307692 0.056490384615384616
0 0.671875 0.9699519230769231 0.08533653846153846 0.05889423076923077
0 0.5853365384615384 0.8461538461538461 0.08052884615384616 0.04326923076923077
0 0.6189903846153846 0.9459134615384616 0.07451923076923077 0.06490384615384616
0 0.12139423076923077 0.9050480769230769 0.056490384615384616 0.0889423076923077
0 0.03365384615384615 0.8677884615384616 0.06610576923076923 0.14903846153846154
0 0.18990384615384615 0.9086538461538461 0.030048076923076924 0.06610576923076923
0 0.17908653846153846 0.7415865384615384 0.05889423076923077 0.046875
0 0.23557692307692307 0.7956730769230769 0.05048076923076923 0.09134615384615384
0 0.078125 0.953125 0.05048076923076923 0.056490384615384616
0 0.25600961538461536 0.9122596153846154 0.03365384615384615 0.052884615384615384
0 0.16346153846153846 0.7944711538461539 0.03125 0.03365384615384615
0 0.1875 0.78125 0.01201923076923077 0.014423076923076924
0 0.055288461538461536 0.7283653846153846 0.03485576923076923 0.0625
0 0.07211538461538461 0.7211538461538461 0.018028846153846152 0.02283653846153846
0 0.1346153846153846 0.7668269230769231 0.01201923076923077 0.010817307692307692
0 0.1310096153846154 0.8016826923076923 0.009615384615384616 0.014423076923076924
0 0.1045673076923077 0.8365384615384616 0.038461538461538464 0.038461538461538464
0 0.09254807692307693 0.7608173076923077 0.02403846153846154 0.019230769230769232
0 0.02283653846153846 0.7319711538461539 0.03365384615384615 0.03125
0 0.015625 0.75 0.030048076923076924 0.06009615384615385
0 0.06370192307692307 0.8173076923076923 0.051682692307692304 0.054086538461538464
0 0.08533653846153846 0.7836538461538461 0.020432692307692308 0.03485576923076923
0 0.08653846153846154 0.8581730769230769 0.037259615384615384 0.026442307692307692
0 0.1622596153846154 0.984375 0.030048076923076924 0.030048076923076924
0 0.09975961538461539 0.9735576923076923 0.037259615384615384 0.051682692307692304
0 0.29086538461538464 0.9867788461538461 0.03485576923076923 0.025240384615384616
0 0.203125 0.9603365384615384 0.03365384615384615 0.054086538461538464
0 0.3161057692307692 0.7776442307692307 0.0673076923076923 0.054086538461538464
0 0.30408653846153844 0.9098557692307693 0.04807692307692308 0.03485576923076923
0 0.32091346153846156 0.9591346153846154 0.03365384615384615 0.08052884615384616
0 0.2980769230769231 0.8269230769230769 0.04326923076923077 0.04447115384615385
0 0.38100961538461536 0.8401442307692307 0.03485576923076923 0.10216346153846154
0 0.4338942307692308 0.9543269230769231 0.038461538461538464 0.0889423076923077
0 0.3737980769230769 0.9735576923076923 0.042067307692307696 0.051682692307692304
0 0.46875 0.9471153846153846 0.030048076923076924 0.051682692307692304
0 0.5360576923076923 0.9855769230769231 0.04326923076923077 0.026442307692307692
0 0.5865384615384616 0.9915865384615384 0.028846153846153848 0.015625
0 0.5829326923076923 0.9158653846153846 0.02403846153846154 0.07451923076923077
0 0.609375 0.9110576923076923 0.03365384615384615 0.038461538461538464
0 0.65625 0.7752403846153846 0.06370192307692307 0.06490384615384616
0 0.5168269230769231 0.9338942307692307 0.06370192307692307 0.04567307692307692
0 0.421875 0.7704326923076923 0.07211538461538461 0.04927884615384615
0 0.5048076923076923 0.8701923076923077 0.04447115384615385 0.06490384615384616
0 0.46274038461538464 0.8653846153846154 0.04447115384615385 0.051682692307692304