0 0.42788461538461536 0.16826923076923078 0.1346153846153846 0.2704326923076923
0 0.5216346153846154 0.21033653846153846 0.09375 0.09495192307692307
0 0.8677884615384616 0.23677884615384615 0.234375 0.4050480769230769
0 0.8569711538461539 0.6887019230769231 0.08653846153846154 0.22355769230769232
0 0.671875 0.5564903846153846 0.08653846153846154 0.1875
0 0.5408653846153846 0.33413461538461536 0.07932692307692307 0.07932692307692307
0 0.5709134615384616 0.47836538461538464 0.06009615384615385 0.0985576923076923
0 0.48677884615384615 0.4423076923076923 0.057692307692307696 0.09254807692307693
0 0.19230769230769232 0.29447115384615385 0.12980769230769232 0.15384615384615385
0 0.31490384615384615 0.18990384615384615 0.07091346153846154 0.140625
0 0.2704326923076923 0.43509615384615385 0.04927884615384615 0.11658653846153846
0 0.359375 0.5649038461538461 0.16346153846153846 0.2704326923076923
0 0.3269230769230769 0.6442307692307693 0.0829326923076923 0.18990384615384615
0 0.12980769230769232 0.7704326923076923 0.10697115384615384 0.14783653846153846
0 0.08653846153846154 0.6826923076923077 0.12379807692307693 0.09495192307692307
0 0.27524038461538464 0.7716346153846154 0.09014423076923077 0.17427884615384615
0 0.2860576923076923 0.8557692307692307 0.11778846153846154 0.15384615384615385
0 0.12259615384615384 0.9158653846153846 0.057692307692307696 0.14423076923076922
0 0.4182692307692308 0.8713942307692307 0.07091346153846154 0.1045673076923077
0 0.19831730769230768 0.8209134615384616 0.056490384615384616 0.07692307692307693
0 0.25240384615384615 0.9567307692307693 0.036057692307692304 0.06129807692307692
0 0.26802884615384615 0.9350961538461539 0.019230769230769232 0.06129807692307692
0 0.4338942307692308 0.9447115384615384 0.1045673076923077 0.1045673076923077