0 0.08653846153846154 0.6490384615384616 0.0985576923076923 0.24158653846153846
0 0.2283653846153846 0.6790865384615384 0.09375 0.18629807692307693
0 0.35096153846153844 0.6694711538461539 0.078125 0.22235576923076922
0 0.24519230769230768 0.4579326923076923 0.09134615384615384 0.16105769230769232
0 0.1814903846153846 0.22596153846153846 0.0673076923076923 0.14182692307692307
0 0.2403846153846154 0.3016826923076923 0.08413461538461539 0.1971153846153846
0 0.3137019230769231 0.2620192307692308 0.06971153846153846 0.15264423076923078
0 0.421875 0.45913461538461536 0.09134615384615384 0.16947115384615385
0 0.4266826923076923 0.3581730769230769 0.0829326923076923 0.15504807692307693
0 0.49399038461538464 0.3449519230769231 0.06129807692307692 0.13942307692307693
0 0.5240384615384616 0.3112980769230769 0.052884615384615384 0.14423076923076922
0 0.4495192307692308 0.5973557692307693 0.09254807692307693 0.1778846153846154
0 0.5180288461538461 0.5637019230769231 0.05889423076923077 0.1502403846153846
0 0.5973557692307693 0.6983173076923077 0.12139423076923077 0.1971153846153846
0 0.6177884615384616 0.5552884615384616 0.09495192307692307 0.171875
0 0.6394230769230769 0.4795673076923077 0.046875 0.18028846153846154
0 0.7163461538461539 0.6802884615384616 0.13942307692307693 0.16105769230769232
0 0.7415865384615384 0.5300480769230769 0.05048076923076923 0.1502403846153846
0 0.7007211538461539 0.25600961538461536 0.04567307692307692 0.11658653846153846
0 0.7560096153846154 0.23798076923076922 0.04447115384615385 0.10817307692307693
0 0.8088942307692307 0.13221153846153846 0.06129807692307692 0.08653846153846154
0 0.8689903846153846 0.1346153846153846 0.03125 0.1141826923076923
0 0.8822115384615384 0.296875 0.06850961538461539 0.14423076923076922
0 0.8798076923076923 0.7596153846153846 0.09254807692307693 0.23557692307692307
0 0.9326923076923077 0.5600961538461539 0.052884615384615384 0.23557692307692307
0 0.9086538461538461 0.46634615384615385 0.09014423076923077 0.14423076923076922