0 0.14903846153846154 0.9278846153846154 0.11298076923076923 0.12259615384615384
0 0.16947115384615385 0.8389423076923077 0.1346153846153846 0.10576923076923077
0 0.14903846153846154 0.7932692307692307 0.06850961538461539 0.07091346153846154
0 0.3088942307692308 0.7199519230769231 0.057692307692307696 0.0625
0 0.7740384615384616 0.9399038461538461 0.11538461538461539 0.10576923076923077
0 0.8449519230769231 0.9399038461538461 0.08413461538461539 0.11778846153846154
0 0.8293269230769231 0.8413461538461539 0.15264423076923078 0.11778846153846154
0 0.6346153846153846 0.9459134615384616 0.046875 0.1045673076923077
0 0.6983173076923077 0.9519230769230769 0.052884615384615384 0.09254807692307693
0 0.7403846153846154 0.8353365384615384 0.08774038461538461 0.09975961538461539
0 0.6995192307692307 0.8701923076923077 0.12620192307692307 0.09254807692307693
0 0.5661057692307693 0.9170673076923077 0.11538461538461539 0.11538461538461539
0 0.5252403846153846 0.9423076923076923 0.13822115384615385 0.11057692307692307
0 0.24759615384615385 0.9375 0.12379807692307693 0.1201923076923077
0 0.34134615384615385 0.9507211538461539 0.09014423076923077 0.09495192307692307
0 0.39302884615384615 0.9086538461538461 0.10096153846153846 0.13221153846153846
0 0.734375 0.7788461538461539 0.109375 0.06850961538461539
0 0.7752403846153846 0.7151442307692307 0.04807692307692308 0.08052884615384616
0 0.6033653846153846 0.8317307692307693 0.078125 0.06610576923076923
0 0.53125 0.8317307692307693 0.06971153846153846 0.12740384615384615
0 0.5036057692307693 0.8725961538461539 0.042067307692307696 0.11538461538461539
0 0.46634615384615385 0.8533653846153846 0.052884615384615384 0.08052884615384616
0 0.3545673076923077 0.8257211538461539 0.1201923076923077 0.08774038461538461
0 0.25961538461538464 0.8581730769230769 0.06370192307692307 0.14783653846153846
0 0.47836538461538464 0.7367788461538461 0.0673076923076923 0.06610576923076923
0 0.3762019230769231 0.7572115384615384 0.06009615384615385 0.054086538461538464
0 0.3173076923076923 0.7728365384615384 0.056490384615384616 0.06370192307692307