0 0.2800480769230769 0.7127403846153846 0.19591346153846154 0.13822115384615385
0 0.5108173076923077 0.6826923076923077 0.24879807692307693 0.15504807692307693
0 0.18389423076923078 0.6262019230769231 0.2536057692307692 0.09735576923076923
0 0.44471153846153844 0.5973557692307693 0.23076923076923078 0.11057692307692307
0 0.6177884615384616 0.5516826923076923 0.16947115384615385 0.13341346153846154
0 0.7824519230769231 0.6358173076923077 0.19591346153846154 0.15144230769230768
0 0.3293269230769231 0.390625 0.22235576923076922 0.09735576923076923
0 0.21153846153846154 0.25600961538461536 0.13822115384615385 0.08413461538461539
0 0.27283653846153844 0.3161057692307692 0.21754807692307693 0.0625
0 0.5685096153846154 0.13942307692307693 0.15985576923076922 0.06610576923076923
0 0.46274038461538464 0.21153846153846154 0.125 0.06610576923076923
0 0.7512019230769231 0.3245192307692308 0.2127403846153846 0.0625
0 0.7247596153846154 0.40625 0.14182692307692307 0.08413461538461539
0 0.7127403846153846 0.453125 0.16466346153846154 0.08052884615384616
0 0.5817307692307693 0.35336538461538464 0.15144230769230768 0.07572115384615384
0 0.6358173076923077 0.23317307692307693 0.13341346153846154 0.057692307692307696
0 0.3798076923076923 0.41947115384615385 0.1466346153846154 0.08413461538461539
0 0.1310096153846154 0.5444711538461539 0.23557692307692307 0.11057692307692307
0 0.17307692307692307 0.5024038461538461 0.15144230769230768 0.08052884615384616
0 0.484375 0.5204326923076923 0.15985576923076922 0.11538461538461539
0 0.7379807692307693 0.2824519230769231 0.15144230769230768 0.057692307692307696
0 0.8822115384615384 0.29086538461538464 0.1201923076923077 0.09375
0 0.9290865384615384 0.23557692307692307 0.13341346153846154 0.0625
0 0.96875 0.3425480769230769 0.052884615384615384 0.14182692307692307
0 0.8016826923076923 0.5649038461538461 0.11057692307692307 0.10697115384615384