0 0.421875 0.8858173076923077 0.1814903846153846 0.21875
0 0.6730769230769231 0.78125 0.109375 0.2403846153846154
0 0.9675480769230769 0.6262019230769231 0.057692307692307696 0.234375
0 0.8653846153846154 0.953125 0.18870192307692307 0.08173076923076923
0 0.6887019230769231 0.5793269230769231 0.2512019230769231 0.2620192307692308
0 0.4230769230769231 0.5925480769230769 0.21514423076923078 0.28966346153846156
0 0.2692307692307692 0.6478365384615384 0.12379807692307693 0.32211538461538464
0 0.10576923076923077 0.39302884615384615 0.15264423076923078 0.21875
0 0.7800480769230769 0.33653846153846156 0.1201923076923077 0.22355769230769232
0 0.8329326923076923 0.40384615384615385 0.109375 0.2403846153846154
0 0.5889423076923077 0.3473557692307692 0.10216346153846154 0.2127403846153846
0 0.9050480769230769 0.34134615384615385 0.06490384615384616 0.20192307692307693
0 0.31490384615384615 0.17427884615384615 0.06850961538461539 0.16346153846153846
0 0.4387019230769231 0.4639423076923077 0.1778846153846154 0.2620192307692308
0 0.3088942307692308 0.4014423076923077 0.09495192307692307 0.24639423076923078
0 0.19831730769230768 0.5540865384615384 0.17067307692307693 0.28966346153846156