0 0.109375 0.5456730769230769 0.09254807692307693 0.07091346153846154
0 0.21634615384615385 0.36538461538461536 0.08653846153846154 0.056490384615384616
0 0.29447115384615385 0.3641826923076923 0.0829326923076923 0.05889423076923077
0 0.30288461538461536 0.48677884615384615 0.09254807692307693 0.051682692307692304
0 0.37740384615384615 0.49278846153846156 0.09014423076923077 0.051682692307692304
0 0.6165865384615384 0.234375 0.09615384615384616 0.06490384615384616
0 0.30408653846153844 0.8870192307692307 0.09615384615384616 0.0625
0 0.46153846153846156 0.7295673076923077 0.08653846153846154 0.05889423076923077
0 0.5492788461538461 0.6634615384615384 0.09014423076923077 0.0733173076923077
0 0.5492788461538461 0.7331730769230769 0.09014423076923077 0.04567307692307692
0 0.8425480769230769 0.5024038461538461 0.09615384615384616 0.0625
0 0.5949519230769231 0.5360576923076923 0.08653846153846154 0.039663461538461536
0 0.6490384615384616 0.5120192307692307 0.0829326923076923 0.04807692307692308
0 0.6177884615384616 0.4795673076923077 0.09254807692307693 0.037259615384615384
0 0.8605769230769231 0.25841346153846156 0.08653846153846154 0.054086538461538464
0 0.8257211538461539 0.44591346153846156 0.09014423076923077 0.05048076923076923
0 0.6382211538461539 0.08173076923076923 0.08653846153846154 0.07692307692307693
0 0.8185096153846154 0.09735576923076923 0.0829326923076923 0.0625