0 0.13341346153846154 0.8173076923076923 0.13701923076923078 0.25600961538461536
0 0.15504807692307693 0.15264423076923078 0.08774038461538461 0.09735576923076923
0 0.19230769230769232 0.25 0.0985576923076923 0.06129807692307692
0 0.19230769230769232 0.3076923076923077 0.039663461538461536 0.10336538461538461
0 0.27163461538461536 0.25961538461538464 0.04567307692307692 0.07932692307692307
0 0.3173076923076923 0.2439903846153846 0.078125 0.09735576923076923
0 0.3641826923076923 0.19471153846153846 0.0625 0.12139423076923077
0 0.30288461538461536 0.35697115384615385 0.10817307692307693 0.09134615384615384
0 0.47115384615384615 0.14903846153846154 0.06490384615384616 0.055288461538461536
0 0.6670673076923077 0.12860576923076922 0.04567307692307692 0.12139423076923077
0 0.7740384615384616 0.19230769230769232 0.08533653846153846 0.0673076923076923
0 0.8677884615384616 0.47836538461538464 0.042067307692307696 0.15264423076923078
0 0.7860576923076923 0.4879807692307692 0.04927884615384615 0.09735576923076923
0 0.6550480769230769 0.43028846153846156 0.12139423076923077 0.11538461538461539
0 0.6514423076923077 0.34134615384615385 0.08774038461538461 0.08533653846153846
0 0.45552884615384615 0.21995192307692307 0.036057692307692304 0.09735576923076923
0 0.2668269230769231 0.4723557692307692 0.1141826923076923 0.0673076923076923
0 0.3076923076923077 0.4387019230769231 0.11778846153846154 0.0733173076923077
0 0.29447115384615385 0.5576923076923077 0.07211538461538461 0.11538461538461539
0 0.3894230769230769 0.7007211538461539 0.14423076923076922 0.15865384615384615
0 0.4098557692307692 0.5612980769230769 0.12139423076923077 0.12139423076923077
0 0.45913461538461536 0.5552884615384616 0.042067307692307696 0.1346153846153846
0 0.5096153846153846 0.5889423076923077 0.08533653846153846 0.15264423076923078
0 0.5036057692307693 0.7139423076923077 0.052884615384615384 0.1466346153846154
0 0.4362980769230769 0.8389423076923077 0.13341346153846154 0.25
0 0.5673076923076923 0.47596153846153844 0.0625 0.15865384615384615
0 0.43509615384615385 0.45072115384615385 0.06490384615384616 0.09735576923076923
0 0.4735576923076923 0.39663461538461536 0.0985576923076923 0.09735576923076923
0 0.4723557692307692 0.31971153846153844 0.09495192307692307 0.07932692307692307
0 0.5492788461538461 0.390625 0.05889423076923077 0.109375
0 0.53125 0.3137019230769231 0.08173076923076923 0.0673076923076923
0 0.4855769230769231 0.26802884615384615 0.09495192307692307 0.06129807692307692