0 0.06850961538461539 0.6009615384615384 0.009615384615384616 0.02283653846153846
0 0.10576923076923077 0.5925480769230769 0.010817307692307692 0.025240384615384616
0 0.15144230769230768 0.5901442307692307 0.013221153846153846 0.020432692307692308
0 0.20192307692307693 0.5673076923076923 0.018028846153846152 0.030048076923076924
0 0.21033653846153846 0.59375 0.009615384615384616 0.02283653846153846
0 0.2247596153846154 0.5913461538461539 0.01201923076923077 0.027644230769230768
0 0.22355769230769232 0.5600961538461539 0.009615384615384616 0.020432692307692308
0 0.7884615384615384 0.0733173076923077 0.016826923076923076 0.02283653846153846
0 0.7055288461538461 0.09495192307692307 0.020432692307692308 0.02283653846153846
0 0.6550480769230769 0.10697115384615384 0.010817307692307692 0.025240384615384616
0 0.6298076923076923 0.109375 0.013221153846153846 0.030048076923076924
0 0.23918269230769232 0.5612980769230769 0.01201923076923077 0.027644230769230768
0 0.24759615384615385 0.5901442307692307 0.01201923076923077 0.025240384615384616
0 0.25240384615384615 0.5600961538461539 0.010817307692307692 0.025240384615384616
0 0.2644230769230769 0.5540865384615384 0.016826923076923076 0.02283653846153846
0 0.27884615384615385 0.5516826923076923 0.013221153846153846 0.02283653846153846
0 0.26802884615384615 0.5829326923076923 0.010817307692307692 0.020432692307692308
0 0.2860576923076923 0.5841346153846154 0.01201923076923077 0.02283653846153846
0 0.3016826923076923 0.546875 0.019230769230769232 0.02283653846153846
0 0.30288461538461536 0.5769230769230769 0.016826923076923076 0.027644230769230768
0 0.31850961538461536 0.5769230769230769 0.013221153846153846 0.02283653846153846
0 0.33052884615384615 0.5757211538461539 0.009615384615384616 0.025240384615384616
0 0.3317307692307692 0.5396634615384616 0.008413461538461538 0.025240384615384616
0 0.5552884615384616 0.5096153846153846 0.010817307692307692 0.020432692307692308
0 0.3473557692307692 0.5733173076923077 0.018028846153846152 0.02283653846153846
0 0.34375 0.5408653846153846 0.009615384615384616 0.02283653846153846
0 0.35336538461538464 0.5396634615384616 0.010817307692307692 0.025240384615384616
0 0.3605769230769231 0.5709134615384616 0.013221153846153846 0.027644230769230768
0 0.36658653846153844 0.5420673076923077 0.009615384615384616 0.020432692307692308
0 0.3798076923076923 0.5673076923076923 0.016826923076923076 0.025240384615384616
0 0.38341346153846156 0.5360576923076923 0.008413461538461538 0.027644230769230768
0 0.3942307692307692 0.5336538461538461 0.013221153846153846 0.027644230769230768
0 0.4050480769230769 0.5637019230769231 0.013221153846153846 0.02283653846153846
0 0.4110576923076923 0.5288461538461539 0.013221153846153846 0.027644230769230768
0 0.4254807692307692 0.5276442307692307 0.013221153846153846 0.025240384615384616
0 0.4423076923076923 0.5540865384615384 0.01201923076923077 0.027644230769230768
0 0.4495192307692308 0.5240384615384616 0.01201923076923077 0.02283653846153846
0 0.46153846153846156 0.5540865384615384 0.013221153846153846 0.027644230769230768
0 0.48677884615384615 0.5180288461538461 0.018028846153846152 0.030048076923076924
0 0.4951923076923077 0.5480769230769231 0.020432692307692308 0.025240384615384616