0 0.7019230769230769 0.5396634615384616 0.2932692307692308 0.6887019230769231
0 0.8846153846153846 0.6286057692307693 0.2283653846153846 0.7379807692307693
0 0.9483173076923077 0.4879807692307692 0.10096153846153846 0.5132211538461539
0 0.5769230769230769 0.515625 0.2548076923076923 0.5661057692307693
0 0.4639423076923077 0.43509615384615385 0.10697115384615384 0.5036057692307693
0 0.39783653846153844 0.453125 0.12860576923076922 0.5216346153846154
0 0.33413461538461536 0.4014423076923077 0.14423076923076922 0.5012019230769231
0 0.24879807692307693 0.41586538461538464 0.16346153846153846 0.36177884615384615
0 0.2824519230769231 0.15625 0.20072115384615385 0.2247596153846154
0 0.1814903846153846 0.38461538461538464 0.13822115384615385 0.3293269230769231
0 0.1141826923076923 0.35216346153846156 0.11538461538461539 0.34375
0 0.12379807692307693 0.1502403846153846 0.11057692307692307 0.12740384615384615
0 0.07451923076923077 0.17908653846153846 0.04326923076923077 0.06490384615384616
0 0.0673076923076923 0.3112980769230769 0.08653846153846154 0.19471153846153846