0 0.9399038461538461 0.9579326923076923 0.07692307692307693 0.07692307692307693
0 0.8737980769230769 0.8473557692307693 0.054086538461538464 0.06490384615384616
0 0.8774038461538461 0.43149038461538464 0.14783653846153846 0.054086538461538464
0 0.8882211538461539 0.6177884615384616 0.038461538461538464 0.04326923076923077
0 0.7043269230769231 0.9759615384615384 0.06610576923076923 0.039663461538461536
0 0.6526442307692307 0.9579326923076923 0.07091346153846154 0.07692307692307693
0 0.2980769230769231 0.9254807692307693 0.06009615384615385 0.07692307692307693
0 0.35216346153846156 0.9290865384615384 0.08173076923076923 0.12740384615384615
0 0.44591346153846156 0.9399038461538461 0.06009615384615385 0.08413461538461539
0 0.16947115384615385 0.9074519230769231 0.054086538461538464 0.09134615384615384
0 0.5709134615384616 0.875 0.1141826923076923 0.06850961538461539
0 0.7379807692307693 0.8413461538461539 0.07692307692307693 0.06850961538461539
0 0.8473557692307693 0.7836538461538461 0.054086538461538464 0.06129807692307692
0 0.051682692307692304 0.7127403846153846 0.038461538461538464 0.06490384615384616
0 0.21033653846153846 0.8257211538461539 0.04927884615384615 0.08052884615384616
0 0.051682692307692304 0.9050480769230769 0.07091346153846154 0.08774038461538461
0 0.036057692307692304 0.8545673076923077 0.06009615384615385 0.08774038461538461
0 0.14182692307692307 0.796875 0.054086538461538464 0.0733173076923077
0 0.43990384615384615 0.7596153846153846 0.038461538461538464 0.057692307692307696
0 0.734375 0.8004807692307693 0.038461538461538464 0.05048076923076923
0 0.0733173076923077 0.7764423076923077 0.08173076923076923 0.06129807692307692
0 0.43149038461538464 0.8401442307692307 0.08774038461538461 0.04326923076923077
0 0.5492788461538461 0.5492788461538461 0.06009615384615385 0.05048076923076923
0 0.4074519230769231 0.5288461538461539 0.07091346153846154 0.06850961538461539
0 0.47836538461538464 0.49399038461538464 0.07091346153846154 0.05048076923076923
0 0.06610576923076923 0.6057692307692307 0.054086538461538464 0.046875
0 0.109375 0.6129807692307693 0.03245192307692308 0.03245192307692308
0 0.20432692307692307 0.7560096153846154 0.04927884615384615 0.057692307692307696
0 0.7379807692307693 0.6442307692307693 0.03245192307692308 0.036057692307692304
0 0.6670673076923077 0.5420673076923077 0.07692307692307693 0.06490384615384616
0 0.15865384615384615 0.6033653846153846 0.04326923076923077 0.04326923076923077
0 0.20192307692307693 0.6033653846153846 0.03245192307692308 0.04326923076923077
0 0.234375 0.6057692307692307 0.04326923076923077 0.03245192307692308
0 0.28125 0.5961538461538461 0.04927884615384615 0.04326923076923077
0 0.31971153846153844 0.5949519230769231 0.04927884615384615 0.054086538461538464
0 0.6778846153846154 0.6129807692307693 0.04326923076923077 0.054086538461538464
0 0.5324519230769231 0.6706730769230769 0.04927884615384615 0.054086538461538464
0 0.5901442307692307 0.7896634615384616 0.04326923076923077 0.06490384615384616
0 0.6586538461538461 0.78125 0.08173076923076923 0.04326923076923077
0 0.7920673076923077 0.7259615384615384 0.054086538461538464 0.054086538461538464
0 0.34375 0.8016826923076923 0.04326923076923077 0.054086538461538464
0 0.38822115384615385 0.7896634615384616 0.08774038461538461 0.057692307692307696
0 0.36899038461538464 0.7199519230769231 0.06009615384615385 0.05048076923076923
0 0.2980769230769231 0.7379807692307693 0.07091346153846154 0.057692307692307696
0 0.265625 0.8185096153846154 0.04927884615384615 0.08052884615384616
0 0.13942307692307693 0.6766826923076923 0.04927884615384615 0.057692307692307696
0 0.65625 0.6742788461538461 0.07692307692307693 0.054086538461538464
0 0.6478365384615384 0.7307692307692307 0.10336538461538461 0.057692307692307696
0 0.19110576923076922 0.7127403846153846 0.054086538461538464 0.04326923076923077
0 0.13701923076923078 0.7295673076923077 0.06610576923076923 0.054086538461538464
0 0.8737980769230769 0.7307692307692307 0.08774038461538461 0.05048076923076923