0 0.16706730769230768 0.8137019230769231 0.07572115384615384 0.1045673076923077
0 0.22596153846153846 0.8930288461538461 0.03245192307692308 0.16105769230769232
0 0.25841346153846156 0.7584134615384616 0.04567307692307692 0.0889423076923077
0 0.3173076923076923 0.8377403846153846 0.06971153846153846 0.12620192307692307
0 0.3088942307692308 0.9483173076923077 0.057692307692307696 0.09975961538461539
0 0.4326923076923077 0.9519230769230769 0.07091346153846154 0.09254807692307693
0 0.3485576923076923 0.7716346153846154 0.039663461538461536 0.13341346153846154
0 0.2800480769230769 0.6875 0.06370192307692307 0.0829326923076923
0 0.41346153846153844 0.7836538461538461 0.07692307692307693 0.05889423076923077
0 0.4795673076923077 0.84375 0.05048076923076923 0.14302884615384615
0 0.12379807692307693 0.35336538461538464 0.055288461538461536 0.07091346153846154
0 0.16346153846153846 0.3557692307692308 0.03485576923076923 0.055288461538461536
0 0.20552884615384615 0.35216346153846156 0.03245192307692308 0.054086538461538464
0 0.24639423076923078 0.27283653846153844 0.025240384615384616 0.051682692307692304
0 0.30288461538461536 0.2704326923076923 0.040865384615384616 0.046875
0 0.2704326923076923 0.3245192307692308 0.028846153846153848 0.07211538461538461
0 0.33533653846153844 0.31850961538461536 0.030048076923076924 0.0625
0 0.4483173076923077 0.11298076923076923 0.037259615384615384 0.040865384615384616
0 0.4170673076923077 0.20432692307692307 0.042067307692307696 0.05048076923076923
0 0.41346153846153844 0.27524038461538464 0.04326923076923077 0.04447115384615385
0 0.4831730769230769 0.3088942307692308 0.04447115384615385 0.10576923076923077
0 0.5024038461538461 0.25721153846153844 0.06370192307692307 0.07211538461538461
0 0.5564903846153846 0.26322115384615385 0.025240384615384616 0.040865384615384616
0 0.27283653846153844 0.6514423076923077 0.037259615384615384 0.06129807692307692
0 0.21754807692307693 0.6201923076923077 0.040865384615384616 0.04326923076923077
0 0.33413461538461536 0.6935096153846154 0.051682692307692304 0.06009615384615385
0 0.5973557692307693 0.8894230769230769 0.06850961538461539 0.08413461538461539
0 0.8137019230769231 0.7824519230769231 0.06610576923076923 0.10096153846153846
0 0.9627403846153846 0.6213942307692307 0.02403846153846154 0.07451923076923077
0 0.8665865384615384 0.6322115384615384 0.03245192307692308 0.08052884615384616
0 0.8461538461538461 0.5552884615384616 0.02283653846153846 0.0625
0 0.8112980769230769 0.5528846153846154 0.04447115384615385 0.07091346153846154
0 0.8701923076923077 0.38341346153846156 0.014423076923076924 0.055288461538461536
0 0.9651442307692307 0.21033653846153846 0.013221153846153846 0.02403846153846154
0 0.8401442307692307 0.34134615384615385 0.02403846153846154 0.040865384615384616
0 0.8173076923076923 0.36778846153846156 0.02403846153846154 0.054086538461538464
0 0.7860576923076923 0.4987980769230769 0.03485576923076923 0.056490384615384616
0 0.7536057692307693 0.47475961538461536 0.030048076923076924 0.0625
0 0.71875 0.484375 0.037259615384615384 0.04567307692307692
0 0.71875 0.25600961538461536 0.01201923076923077 0.026442307692307692
0 0.6923076923076923 0.25961538461538464 0.009615384615384616 0.03245192307692308
0 0.7019230769230769 0.2512019230769231 0.01201923076923077 0.026442307692307692
0 0.5528846153846154 0.5192307692307693 0.06370192307692307 0.06490384615384616
0 0.6430288461538461 0.28725961538461536 0.02403846153846154 0.037259615384615384
0 0.6778846153846154 0.3112980769230769 0.025240384615384616 0.037259615384615384
0 0.7019230769230769 0.328125 0.016826923076923076 0.03365384615384615
0 0.6790865384615384 0.4110576923076923 0.042067307692307696 0.052884615384615384
0 0.7079326923076923 0.3701923076923077 0.042067307692307696 0.04807692307692308
0 0.7055288461538461 0.3942307692307692 0.036057692307692304 0.042067307692307696
0 0.7283653846153846 0.42788461538461536 0.037259615384615384 0.05048076923076923
0 0.6237980769230769 0.421875 0.03365384615384615 0.05048076923076923
0 0.6466346153846154 0.4411057692307692 0.016826923076923076 0.055288461538461536
0 0.6201923076923077 0.48197115384615385 0.027644230769230768 0.078125
0 0.6478365384615384 0.5012019230769231 0.04326923076923077 0.06129807692307692
0 0.6862980769230769 0.5168269230769231 0.03125 0.055288461538461536
0 0.7211538461538461 0.5336538461538461 0.03485576923076923 0.07451923076923077
0 0.7055288461538461 0.5504807692307693 0.021634615384615384 0.07932692307692307
0 0.6826923076923077 0.5733173076923077 0.02403846153846154 0.06490384615384616
0 0.7007211538461539 0.59375 0.025240384615384616 0.056490384615384616
0 0.7211538461538461 0.6310096153846154 0.056490384615384616 0.06129807692307692
0 0.7163461538461539 0.6730769230769231 0.028846153846153848 0.06610576923076923
0 0.7055288461538461 0.7451923076923077 0.055288461538461536 0.07692307692307693
0 0.6778846153846154 0.6658653846153846 0.04927884615384615 0.09014423076923077
0 0.6201923076923077 0.6887019230769231 0.051682692307692304 0.08653846153846154
0 0.5372596153846154 0.7704326923076923 0.06610576923076923 0.11899038461538461
0 0.5913461538461539 0.7403846153846154 0.056490384615384616 0.1045673076923077
0 0.5817307692307693 0.6862980769230769 0.0673076923076923 0.08052884615384616
0 0.5300480769230769 0.7091346153846154 0.06850961538461539 0.07451923076923077
0 0.40625 0.7175480769230769 0.03245192307692308 0.07451923076923077
0 0.4338942307692308 0.7163461538461539 0.04326923076923077 0.04807692307692308
0 0.4014423076923077 0.6574519230769231 0.028846153846153848 0.07692307692307693
0 0.43149038461538464 0.6538461538461539 0.025240384615384616 0.08774038461538461
0 0.46634615384615385 0.7055288461538461 0.036057692307692304 0.08052884615384616
0 0.4735576923076923 0.6454326923076923 0.03245192307692308 0.05889423076923077
0 0.6286057692307693 0.5432692307692307 0.03245192307692308 0.09134615384615384
0 0.32572115384615385 0.47475961538461536 0.0673076923076923 0.09134615384615384
0 0.42427884615384615 0.43028846153846156 0.078125 0.140625
0 0.39903846153846156 0.453125 0.02403846153846154 0.09014423076923077
0 0.3629807692307692 0.47115384615384615 0.04326923076923077 0.056490384615384616
0 0.5264423076923077 0.6634615384615384 0.028846153846153848 0.04447115384615385